1 -0.0151648173
2 -0.0425418753
3 -0.0556236231
4 -0.0630595650
5 -0.0678320254
6 -0.0711496431
7 -0.0735881857
8 -0.0754556327
9 -0.0769313497
10 -0.0781267892
11 -0.0791148212
12 -0.0799450859
13 -0.0806525611
14 -0.0812626011
15 -0.0817940317
16 -0.0822611238
17 -0.0826748919
18 -0.0830439726
19 -0.0833752333
1 -0.0151648173
2 -0.0707761132
3 -0.0844687625
4 -0.0874749755
5 -0.0884907316
6 -0.0889270656
7 -0.0891452726
8 -0.0892664619
9 -0.0893391486
10 -0.0893853880
11 -0.0894162053
12 -0.0894375353
13 -0.0894527679
14 -0.0894639367
15 -0.0894723122
16 -0.0894787162
17 -0.0894836967
18 -0.0894876283
19 -0.0894907734
