0    447.00931            0    22069.201            0            0            0
200     495.0859    705.01833    1360.9177    3651.3064   -6.1502044   0.96636205
400    335.51351    395.01258   -641.67569     -51.6608   -8.4172436   0.93147554
600    295.88649    306.04128    -391.3768   -610.68735   -9.5299693    0.9421367
800    302.04014    296.52613   -378.95776   -227.36689   -9.8478621   0.95671031
1000    297.41628    297.86449   -158.50593   -133.83699   -9.8719772   0.96414841
1200     294.5175    298.41903   -248.54632   -118.90698   -9.9155784   0.96993826
1400    299.37109    298.02237    78.748811   -44.645821   -9.9350782   0.97602717
1600    300.52212    297.60136    124.78707   -1.3019216   -9.9601963   0.98026419 
1800    298.36416    297.83792    23.102704   -3.0822991   -9.9623426   0.98124936
2000    296.11127     297.6727     145.9918    5.9245541   -9.9639363    0.9807342
