0    447.00931            0    13639.775            0            0            0
20     864.9947    793.77547   -1603.6135   -334.07379    -4.840545     1.001538
40    772.93459    779.81124    2997.7503     2250.924   -5.2745232   0.99796542
60    737.35738    746.45996    4086.8015    3950.5133   -5.6571782   0.99301089
80    690.29733    704.39256    3890.0488    3929.0246   -5.9986526   0.98609814
100    643.94011    656.19668    3600.2416    3637.4922   -6.2747659   0.97906329
120    603.92052    613.65215    2946.4455    3135.4712   -6.5428717   0.97233926
140    568.97416    578.10812    2623.5352    2723.6619   -6.8152986   0.96593365
160    533.95489    542.16263    2196.4259    2309.8007   -7.0454702   0.96014653
180    502.60576    511.05452    1550.7754    1705.6912   -7.2643854   0.95518304
200    474.65807    481.42142    1175.4781    1294.2541   -7.4536819   0.95109455
220    456.36443    462.46012    808.92452       816.06   -7.6769557   0.94776691
240    432.81585    438.96423    616.64815    641.64408   -7.8473755   0.94510694
260     416.4833    419.96378    427.97183    494.63733   -8.0181957   0.94292799
280    402.71781    405.77253    38.319189    148.40782   -8.1982347   0.94116053
300    387.11971    388.74792   -342.58526   -223.69416   -8.3399526   0.93991176
320    374.19118    375.60713   -436.61902   -384.91655   -8.4841919    0.9392977
340    359.39695     363.4687   -216.91288   -264.33549   -8.6173953   0.93923807
360    350.88301    354.07266    -275.7168   -298.19947   -8.7512722   0.93950503
380    341.42718    344.10449   -449.58006   -393.61374   -8.8670606   0.94001248
400    334.81724    336.98331   -548.03499   -560.23679   -8.9850184   0.94080212
420     325.4612    327.87105   -609.41373   -601.68561   -9.0776667   0.94194242
440    321.59015    322.31503   -695.03838   -657.04566   -9.1790353   0.94341379
460    314.78718    316.68613   -714.66448   -717.07602   -9.2691954   0.94518392
480    311.51423     312.8029   -640.31248   -660.57629   -9.3602453   0.94721585
500    306.73169    308.26115   -605.93854   -617.59964   -9.4377795   0.94935779
520     304.1855     305.1672   -610.14847   -625.52426   -9.5146522   0.95151147
540    300.16883    301.76968   -637.27788   -659.55651   -9.5795972   0.95364505
560    296.82819    297.24471   -563.03312   -583.13461   -9.6269892   0.95575153
580    292.81159    293.80378   -454.65062   -497.56892    -9.668306   0.95777044
600    292.81636    292.94977   -505.94425   -498.65652   -9.7127583   0.95965764
620    293.10626    293.29216   -345.91702   -401.94126   -9.7524541   0.96143392
640    293.19066    292.60933   -312.11717   -299.46672   -9.7757276   0.96305164
660    292.84533    293.99597   -187.71563   -258.67276   -9.8027137   0.96449123
680    294.41084    294.32142   -228.73289     -207.476   -9.8155613   0.96575582
700    295.27143    295.45339   -304.92288   -275.82601   -9.8257573   0.96686621
720    296.85675    297.48339   -145.96377    -208.6772   -9.8372242   0.96793512
740    296.88625    295.69801   -59.237276    -48.91432   -9.8219442   0.96889865
760    298.86239    299.37625   -160.36336   -183.87507   -9.8366355   0.96969865
780    299.72718    299.09088   -197.74068   -205.95684   -9.8289067   0.97046656
800     301.1869    301.07826   -72.212809   -118.45966   -9.8370041   0.97124194
820    297.21471    297.81803   -47.577149   0.96014968   -9.8172896   0.97192866
840    296.25469    297.49733   -81.176131    -112.0051   -9.8153974   0.97248507
860    298.14579     298.2397   -54.114297   -71.048096   -9.8179821   0.97300849
880    300.87198    298.87882   -151.43305   -115.98224   -9.8186766   0.97349148
900    299.10201    299.50949    200.97297     133.3338   -9.8211938   0.97395347
920    300.38264    301.55417     41.58129    55.671927   -9.8358101   0.97422548
940    300.31964    301.68421   -102.14542   -124.69305   -9.8443778   0.97438927
960    297.54354    297.99288    57.694178     43.01036   -9.8347896   0.97459227
980    299.30473    299.87016   -55.404951   -60.720299   -9.8613449   0.97476849
1000    295.04407    295.42425   -54.747487   -54.367504   -9.8512876   0.97495623
1020    296.67946    296.72033   -300.72287   -252.95894   -9.8709285   0.97518601
1040    295.12986    296.07742   -260.32068   -302.27264   -9.8760811   0.97563154
1060    296.62839    295.50772   -196.71359   -192.55949   -9.8779589   0.97630874
1080    296.69048    296.81107   -305.85989   -305.93412   -9.8865238   0.97710714
1100    298.32071    297.92446   -352.79953    -326.8494   -9.8912819   0.97807828
1120    296.75358    297.52147   -139.46085   -230.53445   -9.8870515   0.97923066
1140    300.01332     298.8754   -23.736132   -31.362359   -9.8927358   0.98041205
1160     297.1082    298.09421     42.49648   -2.5882655   -9.8868852   0.98143656
1180    295.52721    297.19744    34.966053    3.2976676    -9.881718   0.98229133
1200    298.82438    299.29205     12.50495   -55.974439   -9.8937797   0.98300426
1220    295.40249    297.56184    103.70642    26.619398   -9.8849637    0.9836352
1240    298.54502    298.29173   -75.263703   -4.3081708   -9.8917409   0.98413348
1260     296.3569    296.56465   -65.046845   -37.818161   -9.8831807   0.98453659
1280    298.00657    298.27925   -60.792545   -114.98527   -9.8929628   0.98493119
1300    297.55133    297.32929   -69.083236   -43.700512   -9.8870013   0.98535999
1320    300.63886    300.37721   -238.04601   -255.54632   -9.9052348   0.98581264
1340    299.03095    298.31006   -133.23657   -152.91174   -9.8956851   0.98642199
1360    298.64972    298.70734    75.793173    70.412333   -9.9022623    0.9870734
1380    296.37619    297.19307    11.884225      26.7229   -9.8977144    0.9875755
1400    296.21538    297.23899    3.3919071   -61.102518   -9.9025395   0.98799564
1420    297.30024    299.22436   -84.708597   -106.27848   -9.9191272   0.98842488
1440    297.68571     298.6077   -132.36313   -144.25108   -9.9219278   0.98889894
1460     299.7405    298.86335   0.80077849   -12.394884   -9.9312687   0.98943468
1480     294.3513    295.71354    159.67651    132.80444   -9.9206472   0.98989997
1500    295.12746    295.38952    60.185062    105.62422   -9.9248945   0.99018214
1520    297.22902    296.74609   -161.51666   -109.82383   -9.9342446    0.9903321
1540    298.25298    297.74599   -140.90126   -174.60691   -9.9380822   0.99056373
1560    297.26787    296.95867    39.953957   -13.958538   -9.9288697   0.99091742
1580    296.65897    296.95511    40.870386    74.874828   -9.9226171   0.99123236
1600     296.2459    297.04707   -150.12362   -149.83316   -9.9156602   0.99147077
1620    298.48131    297.02838    -280.7196   -268.89878   -9.9065425   0.99184089
1640     298.1543    297.98169   -111.54362   -133.34065   -9.9022861   0.99242931
1660    299.15395    299.41977    45.249589   -8.2201479   -9.9021767   0.99309987
1680    299.47593     300.1263    247.41613    199.85724   -9.9014308   0.99368737
1700    298.56377    299.87979    171.21975    164.10873   -9.8985939   0.99400662
1720    298.36687    298.45568    111.34566     153.6829   -9.8922016   0.99409105
1740    299.71288    299.62397    189.66025    175.55881   -9.9042171   0.99400856
1760    299.66154    299.26605    123.72328    135.18704    -9.910499   0.99376701
1780    296.90317    297.75131    182.07563    132.37966   -9.9114524   0.99339859
1800    295.92292    295.87051    52.908171    99.909331   -9.9079332   0.99291105
1820    294.77115    295.17627   -3.6056147   -19.696499   -9.9076484   0.99238508
1840     295.6705    295.62799   -158.42705   -121.21063   -9.9094221    0.9919512
1860    297.26869    297.50329    -158.2821   -208.75724   -9.9157174   0.99170933
1880    301.76592    300.33486   -185.14753    -166.2599   -9.9273872   0.99171556
1900    299.81065    299.72171   -81.312274   -103.80402   -9.9204083   0.99188486
1920    297.20791    298.44913    198.01152    135.87907   -9.9128905   0.99212378
1940    298.60672    297.96257    169.63593    159.62413   -9.9105058   0.99221508
1960    296.70071    298.11996    197.58268    156.92617   -9.9135394   0.99213263
1980    297.30273    296.62531    70.516876    116.77566    -9.907696   0.99189454
2000    297.59038    296.94685   -210.50523   -129.93814   -9.9113287    0.9915817 
