0    447.00931            0     23678.33            0            0            0
100    738.16419    906.10924    4339.1816    4563.4382   -5.7934399   0.98324672
200    515.21644    599.25122    1112.2047    2457.8441    -7.496874   0.94938884
300    399.78121    443.66564   -579.63412    50.953148   -8.7103324   0.93455142
400    342.23066    365.44945   -1161.0122   -954.89953   -9.5893062   0.93606074
500    308.65152     322.5632   -782.98472   -985.84247   -10.224205   0.94801115
600    293.80701    298.87318   -533.34447    -828.6773    -10.63787   0.96002433
700    296.54714    293.50781    -394.2746   -426.16039   -10.848707   0.96961688
800    299.23077    297.13361   -175.56157   -263.54859   -10.891008   0.97582904
900    297.92028     299.7048   -193.64854   -146.03141   -10.908297   0.98040467
1000    297.34938    296.50695   -129.79012   -189.55198   -10.960894   0.98385965
1100    299.33913    298.32213    8.5994069    12.123604   -11.006188   0.98705664
1200    299.25614    297.83696   -65.508504   -30.703671    -11.01687   0.98804518
1300    299.42846    298.74759    33.166991   -20.606736   -11.020031    0.9889443
1400     297.3894    296.67283   -58.229666   -139.31065   -11.019477    0.9901261
1500     295.7413    299.99207   -118.44102   -4.1226304   -11.034719    0.9926391
1600    296.98394    296.21319    101.28292   -87.989601   -11.050568   0.99492089
1700    297.69818    297.53669   -15.371025   -18.460495   -11.052834   0.99726332
1800    299.73728    299.30702   -27.420359    102.91534   -11.053714   0.99832744
1900    296.57805    297.21498    132.66105   -56.415066   -11.071346    0.9976521
2000    297.56566    296.82106    87.765485     99.03637   -11.077787   0.99784307 
