0    447.00931            0    22740.057            0            0            0
200    515.02162    740.32666    1050.5974    3408.1036   -6.6961741   0.96712976
400    343.70564    408.57026   -875.17526   -245.11386    -9.254612   0.93494339
600    294.46551    311.73244   -501.24382   -913.71578   -10.546024   0.95058786
800    303.30614    295.27718   -148.22391   -322.95929     -10.9658   0.96945166
1000    297.60483    298.55696   -234.81375   -209.93074   -11.006095   0.97927263
1200    299.88988    297.73416    -64.41165   -81.600506   -11.070391   0.98761334
1400    297.53978    297.71001   -42.143289    -29.63543   -11.094377   0.99106597
1600    299.64462     298.5398   -116.62252   -22.145844   -11.122194   0.99250967
1800    295.79994     298.1333    99.749007   -27.606945   -11.116534   0.99376789 
2000    299.03765    297.02501    379.65228   -6.5370882   -11.140074   0.99702922
