# 1: Bin number
# 2: r
# 3: g(r)
0	0.025	0
1	0.075	0
2	0.125	0
3	0.175	0
4	0.225	0
5	0.275	0
6	0.325	0
7	0.375	0
8	0.425	0
9	0.475	0
10	0.525	0
11	0.575	0
12	0.625	0
13	0.675	0
14	0.725	0
15	0.775	0
16	0.825	0
17	0.875	0
18	0.925	0
19	0.975	0
20	1.025	0
21	1.075	0
22	1.125	0
23	1.175	0
24	1.225	0
25	1.275	0
26	1.325	0
27	1.375	0
28	1.425	0
29	1.475	0
30	1.525	0
31	1.575	0
32	1.625	0
33	1.675	0
34	1.725	0
35	1.775	0
36	1.825	0
37	1.875	0
38	1.925	0
39	1.975	0
40	2.025	0
41	2.075	0
42	2.125	0
43	2.175	0
44	2.225	0
45	2.275	0
46	2.325	0
47	2.375	0
48	2.425	0
49	2.475	0
50	2.525	0
51	2.575	0
52	2.625	0
53	2.675	0
54	2.725	0
55	2.775	0
56	2.825	0
57	2.875	0
58	2.925	0
59	2.975	0
60	3.025	0
61	3.075	0
62	3.125	0
63	3.175	0
64	3.225	0
65	3.275	0
66	3.325	0
67	3.375	0
68	3.425	0
69	3.475	0
70	3.525	0
71	3.575	0
72	3.625	0
73	3.675	0
74	3.725	0
75	3.775	0
76	3.825	0
77	3.875	0
78	3.925	0
79	3.975	0
80	4.025	54.5794
81	4.075	0
82	4.125	0
83	4.175	0
84	4.225	0
85	4.275	0
86	4.325	0
87	4.375	0
88	4.425	0
89	4.475	0
90	4.525	0
91	4.575	0
92	4.625	0
93	4.675	0
94	4.725	0
95	4.775	0
96	4.825	0
97	4.875	0
98	4.925	0
99	4.975	0
100	5.025	0
101	5.075	0
102	5.125	0
103	5.175	0
104	5.225	0
105	5.275	0
106	5.325	0
107	5.375	0
108	5.425	0
109	5.475	0
110	5.525	0
111	5.575	0
112	5.625	0
113	5.675	8.92308
114	5.725	4.72118
115	5.775	0
116	5.825	0
117	5.875	0
118	5.925	0
119	5.975	0
120	6.025	0
121	6.075	0
122	6.125	0
123	6.175	0
124	6.225	0
125	6.275	0
126	6.325	0
127	6.375	0
128	6.425	0
129	6.475	0
130	6.525	0
131	6.575	0
132	6.625	0
133	6.675	0
134	6.725	0
135	6.775	0
136	6.825	0
137	6.875	0
138	6.925	0
139	6.975	36.3501
140	7.025	0
141	7.075	0
142	7.125	0
143	7.175	0
144	7.225	0
145	7.275	0
146	7.325	0
147	7.375	0
148	7.425	0
149	7.475	0
150	7.525	0
151	7.575	0
152	7.625	0
153	7.675	0
154	7.725	0
155	7.775	0
156	7.825	0
157	7.875	0
158	7.925	0
159	7.975	0
160	8.025	0
161	8.075	13.5606
162	8.125	0
163	8.175	0
164	8.225	0
165	8.275	0
166	8.325	0
167	8.375	0
168	8.425	0
169	8.475	0
170	8.525	0
171	8.575	0
172	8.625	0
173	8.675	0
174	8.725	0
175	8.775	0
176	8.825	0
177	8.875	0
178	8.925	0
179	8.975	0
180	9.025	21.712
181	9.075	0
182	9.125	0
183	9.175	0
184	9.225	0
185	9.275	0
186	9.325	0
187	9.375	0
188	9.425	0
189	9.475	0
190	9.525	0
191	9.575	0
192	9.625	0
193	9.675	0
194	9.725	0
195	9.775	0
196	9.825	0
197	9.875	6.04505
198	9.925	0
199	9.975	0
