0 0.000000e+00
1 0.000000e+00
2 0.000000e+00
3 0.000000e+00
4 0.000000e+00
5 0.000000e+00
6 0.000000e+00
7 0.000000e+00
8 5.183695e+00
9 2.428207e+03
10 8.786497e+03
11 8.699971e+03
12 6.011655e+03
13 3.834196e+03
14 2.734609e+03
15 2.411978e+03
16 2.572588e+03
17 3.080212e+03
18 3.846655e+03
19 4.663100e+03
20 5.062325e+03
21 4.867643e+03
22 4.416508e+03
23 3.871168e+03
24 3.603181e+03
25 3.442331e+03
26 3.590803e+03
27 3.757554e+03
28 3.931016e+03
29 4.242681e+03
30 4.361611e+03
31 4.349252e+03
32 4.200750e+03
33 3.998822e+03
34 3.842044e+03
35 3.762977e+03
36 3.802213e+03
37 3.819438e+03
38 3.916907e+03
39 4.057769e+03
40 4.180916e+03
41 4.241689e+03
42 4.247760e+03
43 4.079284e+03
44 3.923290e+03
45 3.785339e+03
46 3.719743e+03
47 3.808145e+03
48 3.926656e+03
49 4.092028e+03
50 4.280459e+03
51 4.250853e+03
52 4.173103e+03
53 4.025963e+03
54 3.834515e+03
55 3.768732e+03
56 3.746153e+03
57 3.850319e+03
58 4.019461e+03
59 4.191993e+03
60 4.285405e+03
61 4.237340e+03
62 4.074229e+03
63 3.883131e+03
64 3.747842e+03
65 3.779880e+03
66 3.847567e+03
67 4.022642e+03
68 4.123442e+03
69 4.175092e+03
70 4.204898e+03
71 4.105816e+03
72 3.986558e+03
73 3.843527e+03
74 3.816194e+03
75 3.833812e+03
76 3.937049e+03
77 4.069454e+03
78 4.154967e+03
79 4.172685e+03
80 4.092834e+03
81 3.997050e+03
82 3.923024e+03
83 3.195937e+03
