0 6.462750e-02 -7.549181e-02 -1.086431e-02
1 6.451990e-02 -7.538550e-02 -1.086561e-02
2 6.418164e-02 -7.505122e-02 -1.086958e-02
3 6.356520e-02 -7.444174e-02 -1.087654e-02
4 6.258858e-02 -7.347533e-02 -1.088675e-02
5 6.113419e-02 -7.203438e-02 -1.090019e-02
6 5.905472e-02 -6.997039e-02 -1.091567e-02
7 5.619775e-02 -6.712722e-02 -1.092947e-02
8 5.246782e-02 -6.340162e-02 -1.093380e-02
9 4.793993e-02 -5.885783e-02 -1.091790e-02
10 4.299297e-02 -5.386958e-02 -1.087662e-02
11 3.833716e-02 -4.916121e-02 -1.082405e-02
12 3.478680e-02 -4.557737e-02 -1.079057e-02
13 3.285458e-02 -4.364898e-02 -1.079440e-02
14 3.250993e-02 -4.333552e-02 -1.082558e-02
15 3.329556e-02 -4.415795e-02 -1.086239e-02
16 3.462580e-02 -4.551615e-02 -1.089035e-02
17 3.601587e-02 -4.692158e-02 -1.090572e-02
18 3.716505e-02 -4.807573e-02 -1.091068e-02
19 3.794299e-02 -4.885182e-02 -1.090883e-02
20 3.834312e-02 -4.924617e-02 -1.090306e-02
