0 0.000000e+00
1 0.000000e+00
2 0.000000e+00
3 0.000000e+00
4 0.000000e+00
5 0.000000e+00
6 0.000000e+00
7 0.000000e+00
8 0.000000e+00
9 0.000000e+00
10 0.000000e+00
11 3.400086e+04
12 0.000000e+00
13 0.000000e+00
14 0.000000e+00
15 0.000000e+00
16 8.260920e+03
17 0.000000e+00
18 0.000000e+00
19 0.000000e+00
20 2.140895e+04
21 0.000000e+00
22 0.000000e+00
23 8.146254e+03
24 0.000000e+00
25 0.000000e+00
26 1.281286e+04
27 0.000000e+00
28 0.000000e+00
29 3.446532e+03
30 0.000000e+00
31 1.813684e+04
32 0.000000e+00
33 2.004506e+03
34 0.000000e+00
35 1.071014e+04
36 0.000000e+00
37 6.398835e+03
38 0.000000e+00
39 5.767290e+03
40 0.000000e+00
41 5.224828e+03
42 1.494557e+04
43 0.000000e+00
44 0.000000e+00
45 8.693185e+03
46 0.000000e+00
47 1.994141e+03
48 7.651037e+03
49 0.000000e+00
50 4.410647e+03
51 1.017847e+04
52 0.000000e+00
53 3.143902e+03
54 6.059182e+03
55 2.921403e+03
56 5.637817e+03
57 0.000000e+00
58 8.764873e+02
59 8.896375e+03
60 2.458491e+03
61 9.516766e+03
62 4.607336e+03
63 2.231684e+03
64 0.000000e+00
65 0.000000e+00
66 8.139500e+03
67 4.937575e+02
68 7.671147e+03
69 3.725993e+03
70 3.621043e+03
71 2.640349e+03
72 8.560050e+03
73 1.665742e+03
74 4.863976e+03
75 3.157322e+03
76 3.075319e+03
77 7.491172e+03
78 1.460306e+03
79 7.119004e+03
80 0.000000e+00
81 5.419117e+03
82 7.271745e+03
83 7.711679e+02
