0 4.798224e-03 -7.480558e-02 -7.000735e-02
1 3.740995e-03 -7.443268e-02 -7.069169e-02
2 2.451906e-03 -7.394420e-02 -7.149230e-02
3 1.486974e-03 -7.355085e-02 -7.206388e-02
4 1.208689e-03 -7.341867e-02 -7.220998e-02
5 1.532874e-03 -7.352271e-02 -7.198984e-02
6 2.058311e-03 -7.370069e-02 -7.164238e-02
7 2.416341e-03 -7.381737e-02 -7.140103e-02
8 2.479884e-03 -7.383759e-02 -7.135771e-02
9 2.353243e-03 -7.380323e-02 -7.144999e-02
10 2.246566e-03 -7.378570e-02 -7.153913e-02
11 2.320501e-03 -7.383579e-02 -7.151529e-02
12 2.579331e-03 -7.394515e-02 -7.136582e-02
13 2.890357e-03 -7.406006e-02 -7.116970e-02
14 3.093587e-03 -7.412814e-02 -7.103455e-02
15 3.096341e-03 -7.412409e-02 -7.102775e-02
16 2.914505e-03 -7.405700e-02 -7.114250e-02
17 2.658082e-03 -7.396684e-02 -7.130876e-02
18 2.461723e-03 -7.390002e-02 -7.143830e-02
19 2.403119e-03 -7.387914e-02 -7.147602e-02
20 2.470403e-03 -7.389620e-02 -7.142580e-02
21 2.589477e-03 -7.392718e-02 -7.133770e-02
22 2.676809e-03 -7.394883e-02 -7.127202e-02
23 2.682568e-03 -7.394743e-02 -7.126486e-02
24 2.612986e-03 -7.392324e-02 -7.131025e-02
25 2.527973e-03 -7.389571e-02 -7.136774e-02
26 2.497507e-03 -7.389010e-02 -7.139259e-02
27 2.544985e-03 -7.391236e-02 -7.136737e-02
28 2.636834e-03 -7.394770e-02 -7.131087e-02
29 2.714946e-03 -7.397571e-02 -7.126076e-02
30 2.736748e-03 -7.398223e-02 -7.124548e-02
31 2.702878e-03 -7.397016e-02 -7.126728e-02
32 2.648152e-03 -7.395296e-02 -7.130481e-02
33 2.610781e-03 -7.394171e-02 -7.133093e-02
34 2.610500e-03 -7.394110e-02 -7.133060e-02
35 2.640388e-03 -7.394932e-02 -7.130894e-02
36 2.671797e-03 -7.395865e-02 -7.128685e-02
37 2.672961e-03 -7.395941e-02 -7.128645e-02
38 2.631986e-03 -7.394633e-02 -7.131434e-02
39 2.570135e-03 -7.392618e-02 -7.135604e-02
40 2.526702e-03 -7.391367e-02 -7.138696e-02
41 2.526311e-03 -7.391592e-02 -7.138961e-02
42 2.566662e-03 -7.392936e-02 -7.136270e-02
43 2.629750e-03 -7.394735e-02 -7.131760e-02
44 2.695027e-03 -7.396543e-02 -7.127040e-02
45 2.744355e-03 -7.398081e-02 -7.123645e-02
46 2.764168e-03 -7.399022e-02 -7.122606e-02
47 2.751105e-03 -7.399137e-02 -7.124027e-02
48 2.715704e-03 -7.398472e-02 -7.126902e-02
49 2.679852e-03 -7.397507e-02 -7.129522e-02
50 2.664129e-03 -7.396994e-02 -7.130581e-02
51 2.667149e-03 -7.396897e-02 -7.130182e-02
52 2.663498e-03 -7.396166e-02 -7.129816e-02
53 2.626585e-03 -7.393844e-02 -7.131185e-02
54 2.550837e-03 -7.389984e-02 -7.134900e-02
55 2.455061e-03 -7.385624e-02 -7.140118e-02
56 2.371295e-03 -7.382049e-02 -7.144920e-02
57 2.336364e-03 -7.380695e-02 -7.147059e-02
58 2.377604e-03 -7.382759e-02 -7.144999e-02
59 2.490972e-03 -7.387930e-02 -7.138832e-02
60 2.641588e-03 -7.394493e-02 -7.130334e-02
61 2.787421e-03 -7.400705e-02 -7.121963e-02
62 2.897111e-03 -7.405566e-02 -7.115855e-02
63 2.951604e-03 -7.408450e-02 -7.113289e-02
64 2.944621e-03 -7.408961e-02 -7.114499e-02
65 2.884283e-03 -7.407030e-02 -7.118601e-02
66 2.792834e-03 -7.403224e-02 -7.123940e-02
67 2.699287e-03 -7.398813e-02 -7.128884e-02
68 2.621378e-03 -7.394873e-02 -7.132735e-02
69 2.553211e-03 -7.391343e-02 -7.136022e-02
70 2.477784e-03 -7.387426e-02 -7.139647e-02
71 2.396887e-03 -7.383202e-02 -7.143514e-02
72 2.341929e-03 -7.380438e-02 -7.146245e-02
73 2.342136e-03 -7.380612e-02 -7.146398e-02
74 2.394263e-03 -7.383092e-02 -7.143666e-02
75 2.475330e-03 -7.386507e-02 -7.138974e-02
76 2.563316e-03 -7.390100e-02 -7.133768e-02
77 2.640854e-03 -7.393505e-02 -7.129420e-02
78 2.695733e-03 -7.396459e-02 -7.126885e-02
79 2.722440e-03 -7.398599e-02 -7.126355e-02
80 2.726577e-03 -7.399639e-02 -7.126981e-02
81 2.728212e-03 -7.400081e-02 -7.127259e-02
82 2.744292e-03 -7.400740e-02 -7.126311e-02
83 2.763165e-03 -7.401224e-02 -7.124908e-02
84 2.754822e-03 -7.400405e-02 -7.124923e-02
85 2.703735e-03 -7.398004e-02 -7.127630e-02
86 2.621888e-03 -7.394726e-02 -7.132538e-02
87 2.541811e-03 -7.391794e-02 -7.137613e-02
88 2.499985e-03 -7.390576e-02 -7.140577e-02
89 2.511081e-03 -7.391513e-02 -7.140405e-02
90 2.557344e-03 -7.393521e-02 -7.137787e-02
91 2.610920e-03 -7.395446e-02 -7.134354e-02
92 2.653492e-03 -7.396900e-02 -7.131551e-02
93 2.674975e-03 -7.397688e-02 -7.130190e-02
94 2.671387e-03 -7.397547e-02 -7.130408e-02
95 2.649855e-03 -7.396629e-02 -7.131644e-02
96 2.628616e-03 -7.395637e-02 -7.132775e-02
97 2.628853e-03 -7.395488e-02 -7.132603e-02
98 2.661431e-03 -7.396794e-02 -7.130651e-02
99 2.711846e-03 -7.398958e-02 -7.127773e-02
100 2.746086e-03 -7.400290e-02 -7.125681e-02
101 2.742160e-03 -7.399886e-02 -7.125670e-02
102 2.703229e-03 -7.398116e-02 -7.127793e-02
103 2.643488e-03 -7.395497e-02 -7.131148e-02
104 2.580258e-03 -7.392575e-02 -7.134549e-02
105 2.531353e-03 -7.390222e-02 -7.137087e-02
106 2.505386e-03 -7.388985e-02 -7.138446e-02
107 2.500507e-03 -7.388903e-02 -7.138852e-02
108 2.511022e-03 -7.389754e-02 -7.138651e-02
109 2.530952e-03 -7.391078e-02 -7.137983e-02
110 2.557450e-03 -7.392470e-02 -7.136725e-02
111 2.592974e-03 -7.393953e-02 -7.134656e-02
112 2.639245e-03 -7.395784e-02 -7.131859e-02
113 2.686476e-03 -7.397666e-02 -7.129018e-02
114 2.715748e-03 -7.398680e-02 -7.127105e-02
115 2.716162e-03 -7.398314e-02 -7.126698e-02
116 2.692223e-03 -7.397008e-02 -7.127786e-02
117 2.650565e-03 -7.395157e-02 -7.130101e-02
118 2.597904e-03 -7.392832e-02 -7.133042e-02
119 2.555759e-03 -7.390990e-02 -7.135414e-02
120 2.550301e-03 -7.390937e-02 -7.135907e-02
121 2.585536e-03 -7.392681e-02 -7.134127e-02
122 2.641885e-03 -7.395145e-02 -7.130956e-02
123 2.694995e-03 -7.397373e-02 -7.127874e-02
124 2.727429e-03 -7.398879e-02 -7.126136e-02
125 2.730595e-03 -7.399431e-02 -7.126371e-02
126 2.704236e-03 -7.398884e-02 -7.128460e-02
127 2.657240e-03 -7.397200e-02 -7.131476e-02
128 2.610352e-03 -7.395051e-02 -7.134016e-02
129 2.586662e-03 -7.393533e-02 -7.134866e-02
130 2.597308e-03 -7.393577e-02 -7.133846e-02
131 2.625157e-03 -7.394885e-02 -7.132369e-02
132 2.629553e-03 -7.395235e-02 -7.132280e-02
133 2.596394e-03 -7.393937e-02 -7.134298e-02
134 2.550856e-03 -7.392278e-02 -7.137193e-02
135 2.525696e-03 -7.391513e-02 -7.138944e-02
136 2.537918e-03 -7.392063e-02 -7.138272e-02
137 2.582487e-03 -7.393736e-02 -7.135488e-02
138 2.630012e-03 -7.395400e-02 -7.132399e-02
139 2.642755e-03 -7.395346e-02 -7.131071e-02
140 2.612367e-03 -7.393262e-02 -7.132025e-02
141 2.574081e-03 -7.391112e-02 -7.133704e-02
142 2.571323e-03 -7.391030e-02 -7.133898e-02
143 2.616931e-03 -7.393443e-02 -7.131750e-02
144 2.686333e-03 -7.397124e-02 -7.128491e-02
145 2.735175e-03 -7.399929e-02 -7.126412e-02
146 2.732068e-03 -7.400302e-02 -7.127095e-02
147 2.681432e-03 -7.398383e-02 -7.130240e-02
148 2.618519e-03 -7.395691e-02 -7.133840e-02
149 2.586134e-03 -7.394126e-02 -7.135512e-02
150 2.607225e-03 -7.394798e-02 -7.134076e-02
151 2.669274e-03 -7.397186e-02 -7.130258e-02
152 2.735967e-03 -7.399750e-02 -7.126154e-02
153 2.772920e-03 -7.401128e-02 -7.123837e-02
154 2.765895e-03 -7.400860e-02 -7.124271e-02
155 2.720368e-03 -7.399297e-02 -7.127261e-02
156 2.649350e-03 -7.396764e-02 -7.131829e-02
157 2.575085e-03 -7.393855e-02 -7.136347e-02
158 2.532397e-03 -7.392146e-02 -7.138906e-02
159 2.542209e-03 -7.392689e-02 -7.138468e-02
160 2.587071e-03 -7.394511e-02 -7.135804e-02
161 2.628678e-03 -7.395751e-02 -7.132884e-02
162 2.642940e-03 -7.395567e-02 -7.131273e-02
163 2.632106e-03 -7.394515e-02 -7.131304e-02
164 2.608987e-03 -7.393348e-02 -7.132449e-02
165 2.582154e-03 -7.392193e-02 -7.133978e-02
166 2.560477e-03 -7.391191e-02 -7.135143e-02
167 2.556778e-03 -7.391023e-02 -7.135345e-02
168 2.575279e-03 -7.392007e-02 -7.134479e-02
169 2.606007e-03 -7.393619e-02 -7.133019e-02
170 2.635860e-03 -7.395026e-02 -7.131440e-02
171 2.661474e-03 -7.395898e-02 -7.129751e-02
172 2.685823e-03 -7.396630e-02 -7.128048e-02
173 2.696888e-03 -7.396963e-02 -7.127274e-02
174 2.671756e-03 -7.395915e-02 -7.128740e-02
175 2.609654e-03 -7.393630e-02 -7.132665e-02
176 2.539814e-03 -7.391465e-02 -7.137483e-02
177 2.498707e-03 -7.390655e-02 -7.140784e-02
178 2.508568e-03 -7.391646e-02 -7.140789e-02
179 2.567903e-03 -7.394192e-02 -7.137402e-02
180 2.646798e-03 -7.397086e-02 -7.132406e-02
181 2.699476e-03 -7.398381e-02 -7.128433e-02
182 2.700323e-03 -7.397228e-02 -7.127196e-02
183 2.664696e-03 -7.394971e-02 -7.128501e-02
184 2.625140e-03 -7.393500e-02 -7.130986e-02
185 2.600284e-03 -7.393307e-02 -7.133279e-02
186 2.596798e-03 -7.394113e-02 -7.134433e-02
187 2.618890e-03 -7.395693e-02 -7.133804e-02
188 2.664507e-03 -7.397768e-02 -7.131318e-02
189 2.717932e-03 -7.399604e-02 -7.127811e-02
190 2.755075e-03 -7.400319e-02 -7.124811e-02
191 2.759195e-03 -7.399573e-02 -7.123654e-02
192 2.732862e-03 -7.397921e-02 -7.124634e-02
193 2.695276e-03 -7.396574e-02 -7.127046e-02
194 2.661623e-03 -7.396231e-02 -7.130069e-02
195 2.627551e-03 -7.396056e-02 -7.133301e-02
196 2.586636e-03 -7.394923e-02 -7.136259e-02
197 2.554268e-03 -7.393284e-02 -7.137857e-02
198 2.554624e-03 -7.392569e-02 -7.137107e-02
199 2.588245e-03 -7.393073e-02 -7.134249e-02
200 2.632626e-03 -7.393991e-02 -7.130728e-02
201 2.666941e-03 -7.395009e-02 -7.128315e-02
202 2.674143e-03 -7.395680e-02 -7.128266e-02
203 2.643117e-03 -7.395157e-02 -7.130845e-02
204 2.584930e-03 -7.393439e-02 -7.134946e-02
205 2.532176e-03 -7.391627e-02 -7.138409e-02
206 2.515573e-03 -7.390958e-02 -7.139401e-02
207 2.538809e-03 -7.391622e-02 -7.137741e-02
208 2.577847e-03 -7.392626e-02 -7.134841e-02
209 2.607818e-03 -7.393161e-02 -7.132380e-02
210 2.623167e-03 -7.393573e-02 -7.131256e-02
211 2.626369e-03 -7.394186e-02 -7.131549e-02
212 2.618912e-03 -7.394595e-02 -7.132704e-02
213 2.612263e-03 -7.394895e-02 -7.133669e-02
214 2.623925e-03 -7.395591e-02 -7.133199e-02
215 2.661796e-03 -7.396809e-02 -7.130630e-02
216 2.718442e-03 -7.398325e-02 -7.126481e-02
217 2.773142e-03 -7.399802e-02 -7.122488e-02
218 2.794348e-03 -7.400467e-02 -7.121032e-02
219 2.750825e-03 -7.398902e-02 -7.123820e-02
220 2.643652e-03 -7.394703e-02 -7.130338e-02
221 2.525031e-03 -7.390052e-02 -7.137549e-02
222 2.462434e-03 -7.387977e-02 -7.141733e-02
223 2.481748e-03 -7.389366e-02 -7.141191e-02
224 2.553606e-03 -7.392567e-02 -7.137207e-02
225 2.628448e-03 -7.395447e-02 -7.132602e-02
226 2.673032e-03 -7.396849e-02 -7.129546e-02
227 2.682953e-03 -7.396759e-02 -7.128464e-02
228 2.676422e-03 -7.396194e-02 -7.128552e-02
229 2.669306e-03 -7.396100e-02 -7.129170e-02
230 2.652390e-03 -7.395837e-02 -7.130598e-02
231 2.610888e-03 -7.394277e-02 -7.133189e-02
232 2.559726e-03 -7.392127e-02 -7.136155e-02
233 2.532458e-03 -7.391158e-02 -7.137913e-02
234 2.544188e-03 -7.391913e-02 -7.137494e-02
235 2.585997e-03 -7.393846e-02 -7.135246e-02
236 2.638901e-03 -7.396176e-02 -7.132286e-02
237 2.684821e-03 -7.398084e-02 -7.129602e-02
238 2.716622e-03 -7.399260e-02 -7.127598e-02
239 2.737009e-03 -7.399943e-02 -7.126243e-02
240 2.745813e-03 -7.400300e-02 -7.125719e-02
241 2.730172e-03 -7.399811e-02 -7.126793e-02
242 2.674025e-03 -7.397565e-02 -7.130162e-02
243 2.584411e-03 -7.393630e-02 -7.135189e-02
244 2.504603e-03 -7.389890e-02 -7.139430e-02
245 2.489893e-03 -7.389062e-02 -7.140073e-02
246 2.556575e-03 -7.391952e-02 -7.136295e-02
247 2.660859e-03 -7.396304e-02 -7.130218e-02
248 2.735668e-03 -7.399174e-02 -7.125607e-02
249 2.736839e-03 -7.399038e-02 -7.125354e-02
250 2.665314e-03 -7.396271e-02 -7.129740e-02
251 2.563485e-03 -7.392671e-02 -7.136322e-02
252 2.490268e-03 -7.390315e-02 -7.141289e-02
253 2.489774e-03 -7.390598e-02 -7.141621e-02
254 2.566624e-03 -7.393444e-02 -7.136782e-02
255 2.683802e-03 -7.397339e-02 -7.128959e-02
256 2.786773e-03 -7.400514e-02 -7.121837e-02
257 2.830363e-03 -7.401762e-02 -7.118726e-02
258 2.796079e-03 -7.400551e-02 -7.120943e-02
259 2.702705e-03 -7.397437e-02 -7.127166e-02
260 2.598572e-03 -7.394086e-02 -7.134229e-02
261 2.529948e-03 -7.392112e-02 -7.139118e-02
262 2.510718e-03 -7.391777e-02 -7.140705e-02
263 2.523114e-03 -7.392143e-02 -7.139832e-02
264 2.542518e-03 -7.392345e-02 -7.138094e-02
265 2.554570e-03 -7.392147e-02 -7.136690e-02
266 2.556309e-03 -7.391596e-02 -7.135965e-02
267 2.555806e-03 -7.390997e-02 -7.135417e-02
268 2.570399e-03 -7.391177e-02 -7.134137e-02
269 2.610232e-03 -7.392871e-02 -7.131848e-02
270 2.657489e-03 -7.395394e-02 -7.129645e-02
271 2.677807e-03 -7.396984e-02 -7.129203e-02
272 2.658895e-03 -7.396853e-02 -7.130963e-02
273 2.626208e-03 -7.395935e-02 -7.133315e-02
274 2.619407e-03 -7.395804e-02 -7.133863e-02
275 2.657650e-03 -7.397321e-02 -7.131556e-02
276 2.722612e-03 -7.399905e-02 -7.127644e-02
277 2.772453e-03 -7.401871e-02 -7.124625e-02
278 2.777962e-03 -7.401971e-02 -7.124174e-02
279 2.746582e-03 -7.400620e-02 -7.125962e-02
280 2.708835e-03 -7.399308e-02 -7.128425e-02
281 2.683304e-03 -7.398738e-02 -7.130407e-02
282 2.664502e-03 -7.398309e-02 -7.131859e-02
283 2.640724e-03 -7.397267e-02 -7.133195e-02
284 2.611519e-03 -7.395531e-02 -7.134379e-02
285 2.589176e-03 -7.393804e-02 -7.134887e-02
286 2.584675e-03 -7.392882e-02 -7.134414e-02
287 2.592469e-03 -7.392763e-02 -7.133516e-02
288 2.593131e-03 -7.392705e-02 -7.133391e-02
289 2.571936e-03 -7.392109e-02 -7.134916e-02
290 2.531334e-03 -7.390956e-02 -7.137823e-02
291 2.490225e-03 -7.389606e-02 -7.140584e-02
292 2.478994e-03 -7.389069e-02 -7.141169e-02
293 2.520871e-03 -7.390535e-02 -7.138448e-02
294 2.606137e-03 -7.393913e-02 -7.133300e-02
295 2.693308e-03 -7.397561e-02 -7.128231e-02
296 2.741649e-03 -7.399750e-02 -7.125585e-02
297 2.740421e-03 -7.400066e-02 -7.126024e-02
298 2.707415e-03 -7.399143e-02 -7.128402e-02
299 2.669316e-03 -7.397805e-02 -7.130873e-02
300 2.643147e-03 -7.396577e-02 -7.132262e-02
301 2.625825e-03 -7.395321e-02 -7.132738e-02
302 2.601874e-03 -7.393612e-02 -7.133425e-02
303 2.561052e-03 -7.391341e-02 -7.135236e-02
304 2.511062e-03 -7.389006e-02 -7.137900e-02
305 2.477562e-03 -7.387769e-02 -7.140013e-02
306 2.485490e-03 -7.388541e-02 -7.139992e-02
307 2.539555e-03 -7.391171e-02 -7.137215e-02
308 2.622503e-03 -7.394626e-02 -7.132375e-02
309 2.708297e-03 -7.397891e-02 -7.127061e-02
310 2.773034e-03 -7.400347e-02 -7.123044e-02
311 2.798828e-03 -7.401467e-02 -7.121585e-02
312 2.780177e-03 -7.400904e-02 -7.122886e-02
313 2.730284e-03 -7.398999e-02 -7.125970e-02
314 2.674115e-03 -7.396777e-02 -7.129365e-02
315 2.628569e-03 -7.394949e-02 -7.132092e-02
316 2.594877e-03 -7.393490e-02 -7.134002e-02
317 2.569872e-03 -7.392363e-02 -7.135375e-02
318 2.553413e-03 -7.391738e-02 -7.136396e-02
319 2.549065e-03 -7.391783e-02 -7.136876e-02
320 2.564569e-03 -7.392747e-02 -7.136290e-02
321 2.604099e-03 -7.394577e-02 -7.134167e-02
322 2.660733e-03 -7.396751e-02 -7.130677e-02
323 2.719089e-03 -7.398725e-02 -7.126816e-02
324 2.759752e-03 -7.400108e-02 -7.124133e-02
325 2.760355e-03 -7.400185e-02 -7.124150e-02
326 2.707649e-03 -7.398224e-02 -7.127459e-02
327 2.616403e-03 -7.394768e-02 -7.133128e-02
328 2.523052e-03 -7.391285e-02 -7.138980e-02
329 2.462355e-03 -7.388929e-02 -7.142693e-02
330 2.453472e-03 -7.388199e-02 -7.142852e-02
331 2.495751e-03 -7.389083e-02 -7.139508e-02
332 2.568990e-03 -7.391132e-02 -7.134233e-02
333 2.639794e-03 -7.393514e-02 -7.129534e-02
334 2.674580e-03 -7.395155e-02 -7.127697e-02
335 2.658871e-03 -7.395353e-02 -7.129466e-02
336 2.612131e-03 -7.394573e-02 -7.133360e-02
337 2.578518e-03 -7.394359e-02 -7.136507e-02
338 2.591712e-03 -7.395822e-02 -7.136651e-02
339 2.647483e-03 -7.398354e-02 -7.133605e-02
340 2.714032e-03 -7.400516e-02 -7.129113e-02
341 2.757990e-03 -7.401365e-02 -7.125566e-02
342 2.758305e-03 -7.400570e-02 -7.124739e-02
343 2.713466e-03 -7.398302e-02 -7.126956e-02
344 2.645762e-03 -7.395521e-02 -7.130944e-02
345 2.588927e-03 -7.393534e-02 -7.134642e-02
346 2.563835e-03 -7.392873e-02 -7.136489e-02
347 2.568448e-03 -7.393033e-02 -7.136188e-02
348 2.589358e-03 -7.393353e-02 -7.134417e-02
349 2.616603e-03 -7.393744e-02 -7.132084e-02
350 2.644818e-03 -7.394435e-02 -7.129953e-02
351 2.665095e-03 -7.395145e-02 -7.128636e-02
352 2.667548e-03 -7.395411e-02 -7.128656e-02
353 2.645912e-03 -7.394969e-02 -7.130377e-02
354 2.598624e-03 -7.393509e-02 -7.133647e-02
355 2.538630e-03 -7.391299e-02 -7.137437e-02
356 2.494328e-03 -7.389434e-02 -7.140001e-02
357 2.491294e-03 -7.389009e-02 -7.139880e-02
358 2.534464e-03 -7.390362e-02 -7.136916e-02
359 2.607671e-03 -7.393107e-02 -7.132340e-02
360 2.685069e-03 -7.396444e-02 -7.127937e-02
361 2.743311e-03 -7.399466e-02 -7.125135e-02
362 2.767632e-03 -7.401349e-02 -7.124585e-02
363 2.753672e-03 -7.401513e-02 -7.126146e-02
364 2.711365e-03 -7.400124e-02 -7.128987e-02
365 2.663283e-03 -7.398274e-02 -7.131946e-02
366 2.628374e-03 -7.396982e-02 -7.134145e-02
367 2.607984e-03 -7.396345e-02 -7.135547e-02
368 2.588745e-03 -7.395605e-02 -7.136730e-02
369 2.562084e-03 -7.394074e-02 -7.137866e-02
370 2.543754e-03 -7.392438e-02 -7.138062e-02
371 2.562686e-03 -7.392407e-02 -7.136139e-02
372 2.623546e-03 -7.394688e-02 -7.132333e-02
373 2.689257e-03 -7.397731e-02 -7.128806e-02
374 2.713360e-03 -7.399278e-02 -7.127942e-02
375 2.685771e-03 -7.398695e-02 -7.130118e-02
376 2.639082e-03 -7.397212e-02 -7.133303e-02
377 2.615304e-03 -7.396420e-02 -7.134890e-02
378 2.629135e-03 -7.396750e-02 -7.133836e-02
379 2.660578e-03 -7.397295e-02 -7.131237e-02
380 2.678800e-03 -7.396997e-02 -7.129117e-02
381 2.669374e-03 -7.395740e-02 -7.128802e-02
382 2.640095e-03 -7.394329e-02 -7.130319e-02
383 2.606144e-03 -7.393540e-02 -7.132925e-02
384 2.575248e-03 -7.393318e-02 -7.135794e-02
385 2.550294e-03 -7.393073e-02 -7.138043e-02
386 2.544076e-03 -7.392883e-02 -7.138475e-02
387 2.577371e-03 -7.393814e-02 -7.136077e-02
388 2.650977e-03 -7.396315e-02 -7.131217e-02
389 2.731733e-03 -7.399313e-02 -7.126139e-02
390 2.772855e-03 -7.401057e-02 -7.123772e-02
391 2.744947e-03 -7.400206e-02 -7.125711e-02
392 2.656572e-03 -7.396755e-02 -7.131098e-02
393 2.550099e-03 -7.392220e-02 -7.137210e-02
394 2.473312e-03 -7.388651e-02 -7.141320e-02
395 2.447964e-03 -7.387140e-02 -7.142344e-02
396 2.464181e-03 -7.387390e-02 -7.140972e-02
397 2.501201e-03 -7.388733e-02 -7.138612e-02
398 2.542613e-03 -7.390479e-02 -7.136218e-02
399 2.583616e-03 -7.392232e-02 -7.133870e-02
400 2.631064e-03 -7.394324e-02 -7.131218e-02
401 2.685132e-03 -7.396832e-02 -7.128319e-02
402 2.728257e-03 -7.398864e-02 -7.126039e-02
403 2.741106e-03 -7.399581e-02 -7.125470e-02
404 2.720288e-03 -7.399032e-02 -7.127003e-02
405 2.678223e-03 -7.397786e-02 -7.129964e-02
406 2.635399e-03 -7.396499e-02 -7.132959e-02
407 2.611903e-03 -7.395748e-02 -7.134558e-02
408 2.618777e-03 -7.395892e-02 -7.134015e-02
409 2.651855e-03 -7.396997e-02 -7.131812e-02
410 2.687046e-03 -7.398300e-02 -7.129596e-02
411 2.692115e-03 -7.398329e-02 -7.129117e-02
412 2.659247e-03 -7.396693e-02 -7.130769e-02
413 2.615886e-03 -7.394955e-02 -7.133366e-02
414 2.587977e-03 -7.394396e-02 -7.135599e-02
415 2.572445e-03 -7.394276e-02 -7.137031e-02
416 2.563028e-03 -7.393913e-02 -7.137610e-02
417 2.570483e-03 -7.393984e-02 -7.136936e-02
418 2.603307e-03 -7.395065e-02 -7.134734e-02
419 2.649622e-03 -7.396535e-02 -7.131573e-02
420 2.686148e-03 -7.397336e-02 -7.128722e-02
421 2.693673e-03 -7.396854e-02 -7.127487e-02
422 2.664087e-03 -7.395005e-02 -7.128597e-02
423 2.605409e-03 -7.392355e-02 -7.131814e-02
424 2.541688e-03 -7.389967e-02 -7.135798e-02
425 2.504213e-03 -7.389060e-02 -7.138639e-02
426 2.513871e-03 -7.390288e-02 -7.138901e-02
427 2.567999e-03 -7.393222e-02 -7.136422e-02
428 2.644371e-03 -7.396746e-02 -7.132309e-02
429 2.714742e-03 -7.399605e-02 -7.128130e-02
430 2.759244e-03 -7.401014e-02 -7.125089e-02
431 2.772093e-03 -7.400960e-02 -7.123751e-02
432 2.756522e-03 -7.399814e-02 -7.124161e-02
433 2.722096e-03 -7.398120e-02 -7.125911e-02
434 2.685735e-03 -7.396715e-02 -7.128142e-02
435 2.663429e-03 -7.396314e-02 -7.129971e-02
436 2.656657e-03 -7.396708e-02 -7.131043e-02
437 2.656041e-03 -7.397160e-02 -7.131556e-02
438 2.655403e-03 -7.397413e-02 -7.131872e-02
439 2.652689e-03 -7.397526e-02 -7.132257e-02
440 2.643543e-03 -7.397272e-02 -7.132918e-02
441 2.622572e-03 -7.396219e-02 -7.133962e-02
442 2.590866e-03 -7.394369e-02 -7.135282e-02
443 2.556337e-03 -7.392316e-02 -7.136682e-02
444 2.524218e-03 -7.390618e-02 -7.138197e-02
445 2.492729e-03 -7.389246e-02 -7.139973e-02
446 2.464541e-03 -7.388144e-02 -7.141690e-02
447 2.454557e-03 -7.387847e-02 -7.142391e-02
448 2.477739e-03 -7.388963e-02 -7.141190e-02
449 2.531876e-03 -7.391447e-02 -7.138260e-02
450 2.593720e-03 -7.394224e-02 -7.134852e-02
451 2.638912e-03 -7.396139e-02 -7.132248e-02
452 2.664955e-03 -7.397209e-02 -7.130714e-02
453 2.686375e-03 -7.398211e-02 -7.129573e-02
454 2.712518e-03 -7.399355e-02 -7.128104e-02
455 2.740219e-03 -7.400322e-02 -7.126300e-02
456 2.757246e-03 -7.400706e-02 -7.124982e-02
457 2.746356e-03 -7.399882e-02 -7.125246e-02
458 2.700952e-03 -7.397642e-02 -7.127547e-02
459 2.637444e-03 -7.394911e-02 -7.131167e-02
460 2.583166e-03 -7.392899e-02 -7.134582e-02
461 2.559425e-03 -7.392314e-02 -7.136371e-02
462 2.571943e-03 -7.393165e-02 -7.135970e-02
463 2.607106e-03 -7.394600e-02 -7.133889e-02
464 2.643188e-03 -7.395748e-02 -7.131429e-02
465 2.660905e-03 -7.396170e-02 -7.130080e-02
466 2.646915e-03 -7.395426e-02 -7.130734e-02
467 2.609051e-03 -7.393932e-02 -7.133027e-02
468 2.577721e-03 -7.393303e-02 -7.135531e-02
469 2.573466e-03 -7.394179e-02 -7.136832e-02
470 2.592358e-03 -7.395556e-02 -7.136320e-02
471 2.626226e-03 -7.396776e-02 -7.134154e-02
472 2.668734e-03 -7.398049e-02 -7.131176e-02
473 2.701116e-03 -7.399013e-02 -7.128901e-02
474 2.700911e-03 -7.398750e-02 -7.128659e-02
475 2.670034e-03 -7.397399e-02 -7.130396e-02
476 2.636475e-03 -7.396095e-02 -7.132447e-02
477 2.630096e-03 -7.395921e-02 -7.132911e-02
478 2.655983e-03 -7.396975e-02 -7.131376e-02
479 2.687212e-03 -7.398088e-02 -7.129367e-02
480 2.687563e-03 -7.397840e-02 -7.129084e-02
481 2.644152e-03 -7.395845e-02 -7.131429e-02
482 2.583084e-03 -7.393353e-02 -7.135044e-02
483 2.551185e-03 -7.392384e-02 -7.137265e-02
484 2.575806e-03 -7.393914e-02 -7.136334e-02
485 2.640002e-03 -7.396939e-02 -7.132938e-02
486 2.695322e-03 -7.399235e-02 -7.129703e-02
487 2.699101e-03 -7.399037e-02 -7.129127e-02
488 2.646362e-03 -7.396290e-02 -7.131654e-02
489 2.574452e-03 -7.392929e-02 -7.135484e-02
490 2.530878e-03 -7.391301e-02 -7.138214e-02
491 2.533615e-03 -7.392021e-02 -7.138660e-02
492 2.565930e-03 -7.394021e-02 -7.137428e-02
493 2.597105e-03 -7.395619e-02 -7.135909e-02
494 2.609574e-03 -7.395832e-02 -7.134875e-02
495 2.612367e-03 -7.395235e-02 -7.133999e-02
496 2.623610e-03 -7.394961e-02 -7.132600e-02
497 2.648613e-03 -7.395455e-02 -7.130594e-02
498 2.680253e-03 -7.396645e-02 -7.128620e-02
499 2.704049e-03 -7.397942e-02 -7.127537e-02
500 2.705944e-03 -7.398314e-02 -7.127719e-02
501 2.690324e-03 -7.397755e-02 -7.128723e-02
502 2.674854e-03 -7.397150e-02 -7.129665e-02
503 2.667496e-03 -7.396841e-02 -7.130091e-02
504 2.663031e-03 -7.396516e-02 -7.130213e-02
505 2.656868e-03 -7.396067e-02 -7.130381e-02
506 2.648441e-03 -7.395671e-02 -7.130826e-02
507 2.632868e-03 -7.395079e-02 -7.131793e-02
508 2.605478e-03 -7.393970e-02 -7.133422e-02
509 2.571797e-03 -7.392680e-02 -7.135500e-02
510 2.542263e-03 -7.391684e-02 -7.137458e-02
511 2.526600e-03 -7.391299e-02 -7.138639e-02
512 2.532315e-03 -7.391924e-02 -7.138693e-02
