0 5.175662e-03 -7.493181e-02 -6.975614e-02
1 5.103140e-03 -7.490807e-02 -6.980493e-02
2 4.983925e-03 -7.486840e-02 -6.988447e-02
3 4.820515e-03 -7.481328e-02 -6.999277e-02
4 4.616431e-03 -7.474351e-02 -7.012707e-02
5 4.376214e-03 -7.466016e-02 -7.028395e-02
6 4.105408e-03 -7.456471e-02 -7.045931e-02
7 3.810507e-03 -7.445902e-02 -7.064851e-02
8 3.498862e-03 -7.434536e-02 -7.084650e-02
9 3.178522e-03 -7.422642e-02 -7.104790e-02
10 2.858019e-03 -7.410526e-02 -7.124724e-02
11 2.546078e-03 -7.398518e-02 -7.143911e-02
12 2.251274e-03 -7.386963e-02 -7.161835e-02
13 1.981647e-03 -7.376196e-02 -7.178032e-02
14 1.744297e-03 -7.366532e-02 -7.192103e-02
15 1.545014e-03 -7.358238e-02 -7.203736e-02
16 1.387954e-03 -7.351516e-02 -7.212720e-02
17 1.275426e-03 -7.346493e-02 -7.218950e-02
18 1.207791e-03 -7.343212e-02 -7.222433e-02
19 1.183499e-03 -7.341630e-02 -7.223280e-02
20 1.199259e-03 -7.341629e-02 -7.221703e-02
21 1.250313e-03 -7.343023e-02 -7.217992e-02
22 1.330792e-03 -7.345581e-02 -7.212502e-02
23 1.434115e-03 -7.349043e-02 -7.205631e-02
24 1.553388e-03 -7.353136e-02 -7.197797e-02
25 1.681781e-03 -7.357596e-02 -7.189418e-02
26 1.812853e-03 -7.362178e-02 -7.180893e-02
27 1.940814e-03 -7.366668e-02 -7.172586e-02
28 2.060721e-03 -7.370887e-02 -7.164815e-02
29 2.168600e-03 -7.374700e-02 -7.157840e-02
30 2.261512e-03 -7.378007e-02 -7.151856e-02
31 2.337568e-03 -7.380753e-02 -7.146996e-02
32 2.395892e-03 -7.382914e-02 -7.143325e-02
33 2.436554e-03 -7.384503e-02 -7.140848e-02
34 2.460478e-03 -7.385559e-02 -7.139511e-02
35 2.469323e-03 -7.386143e-02 -7.139211e-02
36 2.465349e-03 -7.386336e-02 -7.139801e-02
37 2.451276e-03 -7.386231e-02 -7.141103e-02
38 2.430132e-03 -7.385929e-02 -7.142916e-02
39 2.405097e-03 -7.385535e-02 -7.145025e-02
40 2.379353e-03 -7.385152e-02 -7.147217e-02
41 2.355931e-03 -7.384877e-02 -7.149284e-02
42 2.337583e-03 -7.384795e-02 -7.151037e-02
43 2.326651e-03 -7.384977e-02 -7.152312e-02
44 2.324977e-03 -7.385476e-02 -7.152978e-02
45 2.333820e-03 -7.386323e-02 -7.152941e-02
46 2.353820e-03 -7.387531e-02 -7.152149e-02
47 2.384978e-03 -7.389086e-02 -7.150589e-02
48 2.426680e-03 -7.390958e-02 -7.148290e-02
49 2.477750e-03 -7.393096e-02 -7.145321e-02
50 2.536527e-03 -7.395433e-02 -7.141780e-02
51 2.600967e-03 -7.397892e-02 -7.137796e-02
52 2.668759e-03 -7.400390e-02 -7.133514e-02
53 2.737450e-03 -7.402840e-02 -7.129095e-02
54 2.804567e-03 -7.405160e-02 -7.124703e-02
55 2.867731e-03 -7.407273e-02 -7.120500e-02
56 2.924758e-03 -7.409115e-02 -7.116639e-02
57 2.973746e-03 -7.410630e-02 -7.113255e-02
58 3.013135e-03 -7.411778e-02 -7.110465e-02
59 3.041753e-03 -7.412536e-02 -7.108360e-02
60 3.058838e-03 -7.412890e-02 -7.107006e-02
61 3.064046e-03 -7.412844e-02 -7.106439e-02
62 3.057439e-03 -7.412411e-02 -7.106667e-02
63 3.039463e-03 -7.411617e-02 -7.107671e-02
64 3.010916e-03 -7.410496e-02 -7.109404e-02
65 2.972905e-03 -7.409089e-02 -7.111798e-02
66 2.926801e-03 -7.407442e-02 -7.114762e-02
67 2.874188e-03 -7.405608e-02 -7.118189e-02
68 2.816808e-03 -7.403640e-02 -7.121959e-02
69 2.756512e-03 -7.401595e-02 -7.125944e-02
70 2.695193e-03 -7.399529e-02 -7.130010e-02
71 2.634734e-03 -7.397498e-02 -7.134024e-02
72 2.576950e-03 -7.395554e-02 -7.137859e-02
73 2.523527e-03 -7.393749e-02 -7.141396e-02
74 2.475972e-03 -7.392126e-02 -7.144529e-02
75 2.435564e-03 -7.390725e-02 -7.147169e-02
76 2.403310e-03 -7.389577e-02 -7.149246e-02
77 2.379913e-03 -7.388704e-02 -7.150713e-02
78 2.365749e-03 -7.388121e-02 -7.151546e-02
79 2.360855e-03 -7.387829e-02 -7.151744e-02
80 2.364932e-03 -7.387822e-02 -7.151329e-02
81 2.377362e-03 -7.388082e-02 -7.150346e-02
82 2.397237e-03 -7.388580e-02 -7.148857e-02
83 2.423411e-03 -7.389281e-02 -7.146940e-02
84 2.454551e-03 -7.390143e-02 -7.144688e-02
85 2.489209e-03 -7.391118e-02 -7.142198e-02
86 2.525893e-03 -7.392161e-02 -7.139572e-02
87 2.563137e-03 -7.393224e-02 -7.136910e-02
88 2.599572e-03 -7.394265e-02 -7.134307e-02
89 2.633982e-03 -7.395248e-02 -7.131849e-02
90 2.665349e-03 -7.396144e-02 -7.129609e-02
91 2.692892e-03 -7.396935e-02 -7.127646e-02
92 2.716074e-03 -7.397608e-02 -7.126001e-02
93 2.734608e-03 -7.398163e-02 -7.124702e-02
94 2.748437e-03 -7.398602e-02 -7.123759e-02
95 2.757710e-03 -7.398938e-02 -7.123167e-02
96 2.762743e-03 -7.399183e-02 -7.122909e-02
97 2.763979e-03 -7.399355e-02 -7.122957e-02
98 2.761937e-03 -7.399470e-02 -7.123276e-02
99 2.757177e-03 -7.399541e-02 -7.123823e-02
100 2.750261e-03 -7.399581e-02 -7.124555e-02
101 2.741717e-03 -7.399597e-02 -7.125425e-02
102 2.732027e-03 -7.399593e-02 -7.126390e-02
103 2.721608e-03 -7.399568e-02 -7.127408e-02
104 2.710812e-03 -7.399521e-02 -7.128440e-02
105 2.699926e-03 -7.399446e-02 -7.129453e-02
106 2.689182e-03 -7.399338e-02 -7.130419e-02
107 2.678766e-03 -7.399192e-02 -7.131315e-02
108 2.668830e-03 -7.399006e-02 -7.132123e-02
109 2.659496e-03 -7.398778e-02 -7.132828e-02
110 2.650866e-03 -7.398511e-02 -7.133424e-02
111 2.643016e-03 -7.398208e-02 -7.133907e-02
112 2.635992e-03 -7.397878e-02 -7.134279e-02
113 2.629802e-03 -7.397526e-02 -7.134546e-02
114 2.624403e-03 -7.397161e-02 -7.134720e-02
115 2.619694e-03 -7.396786e-02 -7.134817e-02
116 2.615510e-03 -7.396407e-02 -7.134856e-02
117 2.611628e-03 -7.396022e-02 -7.134859e-02
118 2.607774e-03 -7.395629e-02 -7.134851e-02
119 2.603650e-03 -7.395222e-02 -7.134857e-02
120 2.598951e-03 -7.394797e-02 -7.134902e-02
121 2.593406e-03 -7.394346e-02 -7.135005e-02
122 2.586799e-03 -7.393865e-02 -7.135185e-02
123 2.579003e-03 -7.393353e-02 -7.135453e-02
124 2.569998e-03 -7.392812e-02 -7.135812e-02
125 2.559880e-03 -7.392249e-02 -7.136261e-02
126 2.548863e-03 -7.391677e-02 -7.136791e-02
127 2.537266e-03 -7.391112e-02 -7.137385e-02
128 2.525493e-03 -7.390574e-02 -7.138025e-02
129 2.514001e-03 -7.390083e-02 -7.138683e-02
130 2.503271e-03 -7.389661e-02 -7.139334e-02
131 2.493768e-03 -7.389325e-02 -7.139949e-02
132 2.485917e-03 -7.389092e-02 -7.140501e-02
133 2.480072e-03 -7.388973e-02 -7.140965e-02
134 2.476507e-03 -7.388972e-02 -7.141321e-02
135 2.475402e-03 -7.389091e-02 -7.141551e-02
136 2.476845e-03 -7.389326e-02 -7.141642e-02
137 2.480846e-03 -7.389670e-02 -7.141586e-02
138 2.487341e-03 -7.390113e-02 -7.141379e-02
139 2.496209e-03 -7.390644e-02 -7.141023e-02
140 2.507283e-03 -7.391251e-02 -7.140523e-02
141 2.520364e-03 -7.391921e-02 -7.139885e-02
142 2.535218e-03 -7.392644e-02 -7.139122e-02
143 2.551586e-03 -7.393406e-02 -7.138248e-02
144 2.569179e-03 -7.394197e-02 -7.137279e-02
145 2.587675e-03 -7.395004e-02 -7.136236e-02
146 2.606725e-03 -7.395813e-02 -7.135140e-02
147 2.625957e-03 -7.396609e-02 -7.134013e-02
148 2.644987e-03 -7.397378e-02 -7.132880e-02
149 2.663433e-03 -7.398106e-02 -7.131762e-02
150 2.680944e-03 -7.398778e-02 -7.130684e-02
151 2.697208e-03 -7.399386e-02 -7.129666e-02
152 2.711975e-03 -7.399922e-02 -7.128725e-02
153 2.725064e-03 -7.400384e-02 -7.127878e-02
154 2.736363e-03 -7.400772e-02 -7.127136e-02
155 2.745823e-03 -7.401089e-02 -7.126507e-02
156 2.753439e-03 -7.401342e-02 -7.125998e-02
157 2.759241e-03 -7.401536e-02 -7.125612e-02
158 2.763270e-03 -7.401678e-02 -7.125351e-02
159 2.765565e-03 -7.401771e-02 -7.125214e-02
160 2.766159e-03 -7.401816e-02 -7.125200e-02
161 2.765072e-03 -7.401815e-02 -7.125307e-02
162 2.762320e-03 -7.401763e-02 -7.125531e-02
163 2.757925e-03 -7.401659e-02 -7.125867e-02
164 2.751934e-03 -7.401499e-02 -7.126306e-02
165 2.744436e-03 -7.401282e-02 -7.126838e-02
166 2.735580e-03 -7.401007e-02 -7.127449e-02
167 2.725586e-03 -7.400680e-02 -7.128122e-02
168 2.714753e-03 -7.400309e-02 -7.128834e-02
169 2.703457e-03 -7.399906e-02 -7.129560e-02
170 2.692135e-03 -7.399486e-02 -7.130273e-02
171 2.681268e-03 -7.399070e-02 -7.130943e-02
172 2.671356e-03 -7.398677e-02 -7.131542e-02
173 2.662883e-03 -7.398328e-02 -7.132040e-02
174 2.656287e-03 -7.398041e-02 -7.132413e-02
175 2.651932e-03 -7.397834e-02 -7.132641e-02
176 2.650074e-03 -7.397717e-02 -7.132710e-02
177 2.650847e-03 -7.397698e-02 -7.132613e-02
178 2.654249e-03 -7.397777e-02 -7.132352e-02
179 2.660141e-03 -7.397949e-02 -7.131935e-02
180 2.668259e-03 -7.398203e-02 -7.131377e-02
181 2.678228e-03 -7.398525e-02 -7.130703e-02
182 2.689591e-03 -7.398897e-02 -7.129938e-02
183 2.701836e-03 -7.399299e-02 -7.129116e-02
184 2.714421e-03 -7.399712e-02 -7.128269e-02
185 2.726805e-03 -7.400114e-02 -7.127434e-02
186 2.738468e-03 -7.400489e-02 -7.126643e-02
187 2.748929e-03 -7.400820e-02 -7.125928e-02
188 2.757760e-03 -7.401093e-02 -7.125317e-02
189 2.764595e-03 -7.401295e-02 -7.124835e-02
190 2.769142e-03 -7.401416e-02 -7.124501e-02
191 2.771186e-03 -7.401446e-02 -7.124328e-02
192 2.770598e-03 -7.401381e-02 -7.124321e-02
193 2.767343e-03 -7.401216e-02 -7.124481e-02
194 2.761485e-03 -7.400951e-02 -7.124802e-02
195 2.753195e-03 -7.400590e-02 -7.125270e-02
196 2.742755e-03 -7.400141e-02 -7.125866e-02
197 2.730555e-03 -7.399618e-02 -7.126562e-02
198 2.717085e-03 -7.399039e-02 -7.127331e-02
199 2.702913e-03 -7.398429e-02 -7.128138e-02
200 2.688651e-03 -7.397814e-02 -7.128949e-02
201 2.674917e-03 -7.397222e-02 -7.129731e-02
202 2.662282e-03 -7.396681e-02 -7.130453e-02
203 2.651227e-03 -7.396213e-02 -7.131090e-02
204 2.642095e-03 -7.395834e-02 -7.131624e-02
205 2.635066e-03 -7.395553e-02 -7.132046e-02
206 2.630145e-03 -7.395369e-02 -7.132354e-02
207 2.627168e-03 -7.395273e-02 -7.132556e-02
208 2.625819e-03 -7.395250e-02 -7.132668e-02
209 2.625667e-03 -7.395278e-02 -7.132711e-02
210 2.626203e-03 -7.395332e-02 -7.132712e-02
211 2.626873e-03 -7.395389e-02 -7.132702e-02
212 2.627119e-03 -7.395423e-02 -7.132712e-02
213 2.626407e-03 -7.395413e-02 -7.132772e-02
214 2.624251e-03 -7.395337e-02 -7.132912e-02
215 2.620236e-03 -7.395182e-02 -7.133158e-02
216 2.614030e-03 -7.394933e-02 -7.133531e-02
217 2.605393e-03 -7.394584e-02 -7.134045e-02
218 2.594190e-03 -7.394129e-02 -7.134710e-02
219 2.580384e-03 -7.393567e-02 -7.135529e-02
220 2.564046e-03 -7.392903e-02 -7.136499e-02
221 2.545350e-03 -7.392143e-02 -7.137608e-02
222 2.524571e-03 -7.391297e-02 -7.138840e-02
223 2.502079e-03 -7.390379e-02 -7.140171e-02
224 2.478337e-03 -7.389407e-02 -7.141573e-02
225 2.453888e-03 -7.388401e-02 -7.143012e-02
226 2.429347e-03 -7.387386e-02 -7.144451e-02
227 2.405384e-03 -7.386388e-02 -7.145849e-02
228 2.382708e-03 -7.385435e-02 -7.147164e-02
229 2.362043e-03 -7.384559e-02 -7.148354e-02
230 2.344106e-03 -7.383788e-02 -7.149378e-02
231 2.329576e-03 -7.383153e-02 -7.150196e-02
232 2.319068e-03 -7.382681e-02 -7.150774e-02
233 2.313105e-03 -7.382394e-02 -7.151083e-02
234 2.312098e-03 -7.382311e-02 -7.151101e-02
235 2.316323e-03 -7.382445e-02 -7.150813e-02
236 2.325911e-03 -7.382803e-02 -7.150212e-02
237 2.340851e-03 -7.383384e-02 -7.149299e-02
238 2.360983e-03 -7.384185e-02 -7.148086e-02
239 2.386015e-03 -7.385193e-02 -7.146591e-02
240 2.415528e-03 -7.386393e-02 -7.144841e-02
241 2.448989e-03 -7.387766e-02 -7.142868e-02
242 2.485756e-03 -7.389288e-02 -7.140712e-02
243 2.525093e-03 -7.390929e-02 -7.138420e-02
244 2.566179e-03 -7.392658e-02 -7.136040e-02
245 2.608126e-03 -7.394437e-02 -7.133624e-02
246 2.650000e-03 -7.396228e-02 -7.131228e-02
247 2.690853e-03 -7.397989e-02 -7.128903e-02
248 2.729756e-03 -7.399679e-02 -7.126703e-02
249 2.765841e-03 -7.401258e-02 -7.124674e-02
250 2.798336e-03 -7.402691e-02 -7.122858e-02
251 2.826603e-03 -7.403947e-02 -7.121287e-02
252 2.850170e-03 -7.405004e-02 -7.119987e-02
253 2.868749e-03 -7.405845e-02 -7.118970e-02
254 2.882250e-03 -7.406467e-02 -7.118242e-02
255 2.890773e-03 -7.406873e-02 -7.117796e-02
256 2.894595e-03 -7.407075e-02 -7.117616e-02
257 2.894141e-03 -7.407092e-02 -7.117678e-02
258 2.889941e-03 -7.406948e-02 -7.117954e-02
259 2.882591e-03 -7.406670e-02 -7.118411e-02
260 2.872704e-03 -7.406286e-02 -7.119015e-02
261 2.860864e-03 -7.405820e-02 -7.119733e-02
262 2.847597e-03 -7.405295e-02 -7.120535e-02
263 2.833342e-03 -7.404728e-02 -7.121394e-02
264 2.818439e-03 -7.404134e-02 -7.122290e-02
265 2.803137e-03 -7.403520e-02 -7.123206e-02
266 2.787595e-03 -7.402892e-02 -7.124132e-02
267 2.771905e-03 -7.402252e-02 -7.125062e-02
268 2.756111e-03 -7.401603e-02 -7.125992e-02
269 2.740226e-03 -7.400945e-02 -7.126922e-02
270 2.724249e-03 -7.400281e-02 -7.127856e-02
271 2.708181e-03 -7.399613e-02 -7.128795e-02
272 2.692032e-03 -7.398945e-02 -7.129742e-02
273 2.675827e-03 -7.398282e-02 -7.130699e-02
274 2.659609e-03 -7.397628e-02 -7.131667e-02
275 2.643443e-03 -7.396989e-02 -7.132645e-02
276 2.627407e-03 -7.396369e-02 -7.133629e-02
277 2.611596e-03 -7.395773e-02 -7.134614e-02
278 2.596115e-03 -7.395205e-02 -7.135593e-02
279 2.581076e-03 -7.394666e-02 -7.136558e-02
280 2.566599e-03 -7.394156e-02 -7.137496e-02
281 2.552808e-03 -7.393675e-02 -7.138394e-02
282 2.539837e-03 -7.393221e-02 -7.139237e-02
283 2.527839e-03 -7.392792e-02 -7.140008e-02
284 2.516996e-03 -7.392388e-02 -7.140688e-02
285 2.507527e-03 -7.392009e-02 -7.141257e-02
286 2.499699e-03 -7.391661e-02 -7.141692e-02
287 2.493830e-03 -7.391354e-02 -7.141971e-02
288 2.490272e-03 -7.391099e-02 -7.142072e-02
289 2.489398e-03 -7.390915e-02 -7.141975e-02
290 2.491562e-03 -7.390820e-02 -7.141664e-02
291 2.497064e-03 -7.390832e-02 -7.141125e-02
292 2.506098e-03 -7.390966e-02 -7.140356e-02
293 2.518718e-03 -7.391232e-02 -7.139360e-02
294 2.534803e-03 -7.391632e-02 -7.138152e-02
295 2.554039e-03 -7.392160e-02 -7.136756e-02
296 2.575926e-03 -7.392799e-02 -7.135207e-02
297 2.599790e-03 -7.393527e-02 -7.133548e-02
298 2.624826e-03 -7.394312e-02 -7.131829e-02
299 2.650145e-03 -7.395120e-02 -7.130106e-02
300 2.674826e-03 -7.395917e-02 -7.128435e-02
301 2.697971e-03 -7.396669e-02 -7.126872e-02
302 2.718757e-03 -7.397346e-02 -7.125470e-02
303 2.736469e-03 -7.397923e-02 -7.124276e-02
304 2.750533e-03 -7.398381e-02 -7.123327e-02
305 2.760527e-03 -7.398708e-02 -7.122655e-02
306 2.766186e-03 -7.398897e-02 -7.122279e-02
307 2.767401e-03 -7.398949e-02 -7.122208e-02
308 2.764203e-03 -7.398865e-02 -7.122444e-02
309 2.756761e-03 -7.398653e-02 -7.122976e-02
310 2.745361e-03 -7.398323e-02 -7.123787e-02
311 2.730398e-03 -7.397888e-02 -7.124848e-02
312 2.712366e-03 -7.397364e-02 -7.126127e-02
313 2.691845e-03 -7.396770e-02 -7.127585e-02
314 2.669485e-03 -7.396126e-02 -7.129178e-02
315 2.645980e-03 -7.395457e-02 -7.130859e-02
316 2.622042e-03 -7.394786e-02 -7.132582e-02
317 2.598363e-03 -7.394137e-02 -7.134301e-02
318 2.575578e-03 -7.393531e-02 -7.135973e-02
319 2.554228e-03 -7.392983e-02 -7.137560e-02
320 2.534739e-03 -7.392502e-02 -7.139029e-02
321 2.517401e-03 -7.392093e-02 -7.140353e-02
322 2.502380e-03 -7.391751e-02 -7.141513e-02
323 2.489733e-03 -7.391468e-02 -7.142495e-02
324 2.479437e-03 -7.391232e-02 -7.143288e-02
325 2.471433e-03 -7.391033e-02 -7.143889e-02
326 2.465661e-03 -7.390860e-02 -7.144294e-02
327 2.462086e-03 -7.390711e-02 -7.144503e-02
328 2.460720e-03 -7.390587e-02 -7.144515e-02
329 2.461615e-03 -7.390494e-02 -7.144333e-02
330 2.464847e-03 -7.390446e-02 -7.143961e-02
331 2.470486e-03 -7.390455e-02 -7.143407e-02
332 2.478562e-03 -7.390537e-02 -7.142681e-02
333 2.489026e-03 -7.390702e-02 -7.141799e-02
334 2.501732e-03 -7.390957e-02 -7.140784e-02
335 2.516422e-03 -7.391303e-02 -7.139661e-02
336 2.532726e-03 -7.391735e-02 -7.138462e-02
337 2.550189e-03 -7.392242e-02 -7.137223e-02
338 2.568289e-03 -7.392809e-02 -7.135980e-02
339 2.586479e-03 -7.393418e-02 -7.134770e-02
340 2.604223e-03 -7.394051e-02 -7.133629e-02
341 2.621027e-03 -7.394690e-02 -7.132587e-02
342 2.636470e-03 -7.395319e-02 -7.131672e-02
343 2.650226e-03 -7.395923e-02 -7.130901e-02
344 2.662073e-03 -7.396493e-02 -7.130286e-02
345 2.671904e-03 -7.397020e-02 -7.129830e-02
346 2.679723e-03 -7.397501e-02 -7.129528e-02
347 2.685646e-03 -7.397932e-02 -7.129368e-02
348 2.689887e-03 -7.398317e-02 -7.129328e-02
349 2.692757e-03 -7.398659e-02 -7.129383e-02
350 2.694638e-03 -7.398966e-02 -7.129502e-02
351 2.695974e-03 -7.399249e-02 -7.129652e-02
352 2.697235e-03 -7.399521e-02 -7.129797e-02
353 2.698891e-03 -7.399794e-02 -7.129905e-02
354 2.701376e-03 -7.400083e-02 -7.129945e-02
355 2.705044e-03 -7.400398e-02 -7.129894e-02
356 2.710137e-03 -7.400747e-02 -7.129733e-02
357 2.716754e-03 -7.401132e-02 -7.129457e-02
358 2.724834e-03 -7.401550e-02 -7.129066e-02
359 2.734152e-03 -7.401988e-02 -7.128573e-02
360 2.744334e-03 -7.402431e-02 -7.127998e-02
361 2.754889e-03 -7.402859e-02 -7.127370e-02
362 2.765245e-03 -7.403249e-02 -7.126725e-02
363 2.774803e-03 -7.403579e-02 -7.126099e-02
364 2.782976e-03 -7.403828e-02 -7.125531e-02
365 2.789237e-03 -7.403981e-02 -7.125057e-02
366 2.793140e-03 -7.404025e-02 -7.124711e-02
367 2.794344e-03 -7.403954e-02 -7.124520e-02
368 2.792617e-03 -7.403766e-02 -7.124504e-02
369 2.787844e-03 -7.403460e-02 -7.124676e-02
370 2.780026e-03 -7.403042e-02 -7.125039e-02
371 2.769284e-03 -7.402517e-02 -7.125588e-02
372 2.755868e-03 -7.401897e-02 -7.126310e-02
373 2.740159e-03 -7.401198e-02 -7.127182e-02
374 2.722656e-03 -7.400440e-02 -7.128174e-02
375 2.703968e-03 -7.399648e-02 -7.129251e-02
376 2.684773e-03 -7.398851e-02 -7.130374e-02
377 2.665774e-03 -7.398077e-02 -7.131500e-02
378 2.647648e-03 -7.397356e-02 -7.132591e-02
379 2.630994e-03 -7.396710e-02 -7.133611e-02
380 2.616280e-03 -7.396158e-02 -7.134530e-02
381 2.603817e-03 -7.395708e-02 -7.135327e-02
382 2.593739e-03 -7.395362e-02 -7.135988e-02
383 2.586005e-03 -7.395109e-02 -7.136509e-02
384 2.580422e-03 -7.394935e-02 -7.136893e-02
385 2.576676e-03 -7.394820e-02 -7.137152e-02
386 2.574375e-03 -7.394738e-02 -7.137301e-02
387 2.573102e-03 -7.394668e-02 -7.137358e-02
388 2.572459e-03 -7.394588e-02 -7.137342e-02
389 2.572108e-03 -7.394484e-02 -7.137273e-02
390 2.571809e-03 -7.394347e-02 -7.137166e-02
391 2.571431e-03 -7.394175e-02 -7.137032e-02
392 2.570960e-03 -7.393977e-02 -7.136881e-02
393 2.570478e-03 -7.393765e-02 -7.136718e-02
394 2.570130e-03 -7.393557e-02 -7.136544e-02
395 2.570086e-03 -7.393370e-02 -7.136362e-02
396 2.570494e-03 -7.393221e-02 -7.136172e-02
397 2.571436e-03 -7.393121e-02 -7.135977e-02
398 2.572911e-03 -7.393073e-02 -7.135782e-02
399 2.574828e-03 -7.393074e-02 -7.135591e-02
400 2.577025e-03 -7.393114e-02 -7.135412e-02
401 2.579306e-03 -7.393183e-02 -7.135252e-02
402 2.581484e-03 -7.393265e-02 -7.135117e-02
403 2.583423e-03 -7.393352e-02 -7.135009e-02
404 2.585064e-03 -7.393436e-02 -7.134929e-02
405 2.586445e-03 -7.393518e-02 -7.134874e-02
406 2.587686e-03 -7.393603e-02 -7.134835e-02
407 2.588967e-03 -7.393700e-02 -7.134803e-02
408 2.590498e-03 -7.393818e-02 -7.134768e-02
409 2.592478e-03 -7.393967e-02 -7.134719e-02
410 2.595071e-03 -7.394153e-02 -7.134646e-02
411 2.598376e-03 -7.394380e-02 -7.134542e-02
412 2.602427e-03 -7.394646e-02 -7.134403e-02
413 2.607185e-03 -7.394949e-02 -7.134230e-02
414 2.612544e-03 -7.395280e-02 -7.134026e-02
415 2.618334e-03 -7.395631e-02 -7.133798e-02
416 2.624330e-03 -7.395989e-02 -7.133556e-02
417 2.630253e-03 -7.396341e-02 -7.133316e-02
418 2.635781e-03 -7.396672e-02 -7.133094e-02
419 2.640566e-03 -7.396964e-02 -7.132907e-02
420 2.644253e-03 -7.397200e-02 -7.132775e-02
421 2.646506e-03 -7.397367e-02 -7.132717e-02
422 2.647034e-03 -7.397452e-02 -7.132748e-02
423 2.645621e-03 -7.397445e-02 -7.132883e-02
424 2.642136e-03 -7.397343e-02 -7.133130e-02
425 2.636551e-03 -7.397148e-02 -7.133493e-02
426 2.628933e-03 -7.396866e-02 -7.133972e-02
427 2.619440e-03 -7.396505e-02 -7.134561e-02
428 2.608308e-03 -7.396079e-02 -7.135248e-02
429 2.595837e-03 -7.395601e-02 -7.136018e-02
430 2.582373e-03 -7.395088e-02 -7.136851e-02
431 2.568301e-03 -7.394553e-02 -7.137723e-02
432 2.554035e-03 -7.394013e-02 -7.138610e-02
433 2.540011e-03 -7.393484e-02 -7.139483e-02
434 2.526679e-03 -7.392982e-02 -7.140314e-02
435 2.514499e-03 -7.392523e-02 -7.141073e-02
436 2.503923e-03 -7.392124e-02 -7.141732e-02
437 2.495379e-03 -7.391803e-02 -7.142265e-02
438 2.489254e-03 -7.391573e-02 -7.142648e-02
439 2.485864e-03 -7.391449e-02 -7.142863e-02
440 2.485434e-03 -7.391439e-02 -7.142896e-02
441 2.488077e-03 -7.391548e-02 -7.142741e-02
442 2.493775e-03 -7.391775e-02 -7.142398e-02
443 2.502381e-03 -7.392112e-02 -7.141874e-02
444 2.513622e-03 -7.392547e-02 -7.141185e-02
445 2.527114e-03 -7.393062e-02 -7.140350e-02
446 2.542390e-03 -7.393634e-02 -7.139395e-02
447 2.558928e-03 -7.394241e-02 -7.138349e-02
448 2.576189e-03 -7.394860e-02 -7.137241e-02
449 2.593641e-03 -7.395468e-02 -7.136104e-02
450 2.610797e-03 -7.396046e-02 -7.134966e-02
451 2.627228e-03 -7.396579e-02 -7.133856e-02
452 2.642582e-03 -7.397055e-02 -7.132797e-02
453 2.656589e-03 -7.397468e-02 -7.131810e-02
454 2.669061e-03 -7.397816e-02 -7.130910e-02
455 2.679888e-03 -7.398097e-02 -7.130108e-02
456 2.689025e-03 -7.398316e-02 -7.129413e-02
457 2.696492e-03 -7.398476e-02 -7.128827e-02
458 2.702353e-03 -7.398584e-02 -7.128349e-02
459 2.706716e-03 -7.398648e-02 -7.127976e-02
460 2.709719e-03 -7.398675e-02 -7.127703e-02
461 2.711520e-03 -7.398673e-02 -7.127521e-02
462 2.712288e-03 -7.398649e-02 -7.127420e-02
463 2.712184e-03 -7.398610e-02 -7.127391e-02
464 2.711355e-03 -7.398560e-02 -7.127425e-02
465 2.709925e-03 -7.398502e-02 -7.127510e-02
466 2.707985e-03 -7.398437e-02 -7.127638e-02
467 2.705601e-03 -7.398363e-02 -7.127803e-02
468 2.702820e-03 -7.398277e-02 -7.127995e-02
469 2.699675e-03 -7.398177e-02 -7.128209e-02
470 2.696205e-03 -7.398059e-02 -7.128438e-02
471 2.692460e-03 -7.397923e-02 -7.128677e-02
472 2.688513e-03 -7.397768e-02 -7.128917e-02
473 2.684460e-03 -7.397598e-02 -7.129152e-02
474 2.680422e-03 -7.397418e-02 -7.129376e-02
475 2.676535e-03 -7.397233e-02 -7.129580e-02
476 2.672941e-03 -7.397051e-02 -7.129757e-02
477 2.669773e-03 -7.396879e-02 -7.129902e-02
478 2.667138e-03 -7.396723e-02 -7.130009e-02
479 2.665106e-03 -7.396587e-02 -7.130076e-02
480 2.663694e-03 -7.396473e-02 -7.130104e-02
481 2.662864e-03 -7.396380e-02 -7.130094e-02
482 2.662526e-03 -7.396303e-02 -7.130051e-02
483 2.662551e-03 -7.396235e-02 -7.129980e-02
484 2.662787e-03 -7.396169e-02 -7.129890e-02
485 2.663087e-03 -7.396097e-02 -7.129788e-02
486 2.663333e-03 -7.396013e-02 -7.129680e-02
487 2.663449e-03 -7.395917e-02 -7.129573e-02
488 2.663417e-03 -7.395811e-02 -7.129469e-02
489 2.663275e-03 -7.395701e-02 -7.129373e-02
490 2.663097e-03 -7.395594e-02 -7.129285e-02
491 2.662976e-03 -7.395501e-02 -7.129204e-02
492 2.662997e-03 -7.395431e-02 -7.129132e-02
493 2.663211e-03 -7.395389e-02 -7.129068e-02
494 2.663619e-03 -7.395378e-02 -7.129016e-02
495 2.664167e-03 -7.395395e-02 -7.128979e-02
496 2.664760e-03 -7.395436e-02 -7.128960e-02
497 2.665276e-03 -7.395494e-02 -7.128967e-02
498 2.665593e-03 -7.395563e-02 -7.129003e-02
499 2.665610e-03 -7.395637e-02 -7.129076e-02
500 2.665261e-03 -7.395716e-02 -7.129190e-02
501 2.664509e-03 -7.395800e-02 -7.129349e-02
502 2.663337e-03 -7.395891e-02 -7.129557e-02
503 2.661720e-03 -7.395991e-02 -7.129819e-02
504 2.659593e-03 -7.396099e-02 -7.130140e-02
505 2.656832e-03 -7.396209e-02 -7.130526e-02
506 2.653240e-03 -7.396311e-02 -7.130987e-02
507 2.648551e-03 -7.396386e-02 -7.131530e-02
508 2.642458e-03 -7.396412e-02 -7.132167e-02
509 2.634647e-03 -7.396367e-02 -7.132903e-02
510 2.624852e-03 -7.396228e-02 -7.133743e-02
511 2.612899e-03 -7.395978e-02 -7.134688e-02
512 2.598752e-03 -7.395606e-02 -7.135731e-02
513 2.582545e-03 -7.395112e-02 -7.136858e-02
514 2.564592e-03 -7.394506e-02 -7.138047e-02
515 2.545385e-03 -7.393808e-02 -7.139270e-02
516 2.525563e-03 -7.393049e-02 -7.140493e-02
517 2.505868e-03 -7.392265e-02 -7.141678e-02
518 2.487094e-03 -7.391494e-02 -7.142784e-02
519 2.470021e-03 -7.390775e-02 -7.143773e-02
520 2.455360e-03 -7.390144e-02 -7.144608e-02
521 2.443702e-03 -7.389630e-02 -7.145260e-02
522 2.435486e-03 -7.389253e-02 -7.145704e-02
523 2.430984e-03 -7.389025e-02 -7.145927e-02
524 2.430302e-03 -7.388951e-02 -7.145920e-02
525 2.433398e-03 -7.389026e-02 -7.145686e-02
526 2.440111e-03 -7.389242e-02 -7.145231e-02
527 2.450191e-03 -7.389590e-02 -7.144571e-02
528 2.463331e-03 -7.390057e-02 -7.143724e-02
529 2.479186e-03 -7.390632e-02 -7.142713e-02
530 2.497388e-03 -7.391304e-02 -7.141565e-02
531 2.517552e-03 -7.392062e-02 -7.140306e-02
532 2.539265e-03 -7.392894e-02 -7.138968e-02
533 2.562085e-03 -7.393789e-02 -7.137581e-02
534 2.585530e-03 -7.394730e-02 -7.136177e-02
535 2.609082e-03 -7.395698e-02 -7.134790e-02
536 2.632195e-03 -7.396670e-02 -7.133451e-02
537 2.654313e-03 -7.397621e-02 -7.132190e-02
538 2.674900e-03 -7.398525e-02 -7.131035e-02
539 2.693475e-03 -7.399355e-02 -7.130008e-02
540 2.709650e-03 -7.400090e-02 -7.129125e-02
541 2.723160e-03 -7.400713e-02 -7.128397e-02
542 2.733888e-03 -7.401212e-02 -7.127823e-02
543 2.741884e-03 -7.401587e-02 -7.127399e-02
544 2.747353e-03 -7.401842e-02 -7.127107e-02
545 2.750647e-03 -7.401992e-02 -7.126928e-02
546 2.752226e-03 -7.402056e-02 -7.126833e-02
547 2.752622e-03 -7.402057e-02 -7.126795e-02
548 2.752387e-03 -7.402022e-02 -7.126783e-02
549 2.752044e-03 -7.401974e-02 -7.126770e-02
550 2.752040e-03 -7.401935e-02 -7.126731e-02
551 2.752706e-03 -7.401922e-02 -7.126651e-02
552 2.754231e-03 -7.401942e-02 -7.126519e-02
553 2.756647e-03 -7.402000e-02 -7.126335e-02
554 2.759826e-03 -7.402090e-02 -7.126108e-02
555 2.763496e-03 -7.402202e-02 -7.125852e-02
556 2.767263e-03 -7.402319e-02 -7.125592e-02
557 2.770639e-03 -7.402420e-02 -7.125356e-02
558 2.773088e-03 -7.402484e-02 -7.125175e-02
559 2.774058e-03 -7.402488e-02 -7.125082e-02
560 2.773022e-03 -7.402408e-02 -7.125106e-02
561 2.769516e-03 -7.402226e-02 -7.125275e-02
562 2.763167e-03 -7.401926e-02 -7.125610e-02
563 2.753723e-03 -7.401497e-02 -7.126125e-02
564 2.741073e-03 -7.400933e-02 -7.126825e-02
565 2.725262e-03 -7.400234e-02 -7.127707e-02
566 2.706495e-03 -7.399407e-02 -7.128758e-02
567 2.685142e-03 -7.398468e-02 -7.129953e-02
568 2.661723e-03 -7.397436e-02 -7.131263e-02
569 2.636892e-03 -7.396338e-02 -7.132649e-02
570 2.611409e-03 -7.395206e-02 -7.134065e-02
571 2.586104e-03 -7.394076e-02 -7.135465e-02
572 2.561833e-03 -7.392983e-02 -7.136800e-02
573 2.539439e-03 -7.391965e-02 -7.138022e-02
574 2.519708e-03 -7.391057e-02 -7.139086e-02
575 2.503327e-03 -7.390289e-02 -7.139956e-02
576 2.490856e-03 -7.389685e-02 -7.140600e-02
577 2.482698e-03 -7.389266e-02 -7.140996e-02
578 2.479079e-03 -7.389041e-02 -7.141133e-02
579 2.480045e-03 -7.389013e-02 -7.141009e-02
580 2.485450e-03 -7.389178e-02 -7.140633e-02
581 2.494976e-03 -7.389524e-02 -7.140026e-02
582 2.508146e-03 -7.390029e-02 -7.139214e-02
583 2.524354e-03 -7.390669e-02 -7.138234e-02
584 2.542901e-03 -7.391416e-02 -7.137126e-02
585 2.563036e-03 -7.392238e-02 -7.135935e-02
586 2.583992e-03 -7.393105e-02 -7.134705e-02
587 2.605022e-03 -7.393986e-02 -7.133483e-02
588 2.625433e-03 -7.394855e-02 -7.132311e-02
589 2.644597e-03 -7.395688e-02 -7.131228e-02
590 2.661971e-03 -7.396465e-02 -7.130268e-02
591 2.677096e-03 -7.397170e-02 -7.129461e-02
592 2.689596e-03 -7.397788e-02 -7.128828e-02
593 2.699176e-03 -7.398306e-02 -7.128388e-02
594 2.705619e-03 -7.398713e-02 -7.128151e-02
595 2.708789e-03 -7.399001e-02 -7.128122e-02
596 2.708633e-03 -7.399162e-02 -7.128299e-02
597 2.705189e-03 -7.399193e-02 -7.128674e-02
598 2.698590e-03 -7.399093e-02 -7.129234e-02
599 2.689072e-03 -7.398867e-02 -7.129960e-02
600 2.676970e-03 -7.398523e-02 -7.130826e-02
601 2.662707e-03 -7.398074e-02 -7.131804e-02
602 2.646781e-03 -7.397539e-02 -7.132861e-02
603 2.629741e-03 -7.396938e-02 -7.133964e-02
604 2.612159e-03 -7.396294e-02 -7.135078e-02
605 2.594607e-03 -7.395629e-02 -7.136169e-02
606 2.577626e-03 -7.394967e-02 -7.137205e-02
607 2.561716e-03 -7.394328e-02 -7.138157e-02
608 2.547313e-03 -7.393731e-02 -7.139000e-02
609 2.534789e-03 -7.393191e-02 -7.139712e-02
610 2.524445e-03 -7.392721e-02 -7.140277e-02
611 2.516518e-03 -7.392333e-02 -7.140681e-02
612 2.511180e-03 -7.392036e-02 -7.140917e-02
613 2.508546e-03 -7.391835e-02 -7.140980e-02
614 2.508678e-03 -7.391736e-02 -7.140868e-02
615 2.511588e-03 -7.391744e-02 -7.140585e-02
616 2.517238e-03 -7.391859e-02 -7.140135e-02
617 2.525543e-03 -7.392081e-02 -7.139527e-02
618 2.536366e-03 -7.392408e-02 -7.138772e-02
619 2.549516e-03 -7.392836e-02 -7.137885e-02
620 2.564746e-03 -7.393357e-02 -7.136882e-02
621 2.581752e-03 -7.393959e-02 -7.135784e-02
622 2.600172e-03 -7.394629e-02 -7.134612e-02
623 2.619597e-03 -7.395350e-02 -7.133390e-02
624 2.639579e-03 -7.396102e-02 -7.132144e-02
625 2.659645e-03 -7.396865e-02 -7.130900e-02
626 2.679313e-03 -7.397616e-02 -7.129685e-02
627 2.698112e-03 -7.398336e-02 -7.128524e-02
628 2.715603e-03 -7.399003e-02 -7.127442e-02
629 2.731395e-03 -7.399600e-02 -7.126460e-02
630 2.745168e-03 -7.400113e-02 -7.125597e-02
631 2.756684e-03 -7.400533e-02 -7.124865e-02
632 2.765804e-03 -7.400854e-02 -7.124274e-02
633 2.772485e-03 -7.401078e-02 -7.123829e-02
634 2.776786e-03 -7.401209e-02 -7.123530e-02
635 2.778847e-03 -7.401257e-02 -7.123373e-02
636 2.778870e-03 -7.401236e-02 -7.123349e-02
637 2.777091e-03 -7.401157e-02 -7.123448e-02
638 2.773752e-03 -7.401034e-02 -7.123659e-02
639 2.769070e-03 -7.400876e-02 -7.123969e-02
640 2.763227e-03 -7.400689e-02 -7.124366e-02
641 2.756361e-03 -7.400475e-02 -7.124839e-02
642 2.748575e-03 -7.400233e-02 -7.125375e-02
643 2.739949e-03 -7.399960e-02 -7.125965e-02
644 2.730563e-03 -7.399652e-02 -7.126596e-02
645 2.720508e-03 -7.399308e-02 -7.127257e-02
646 2.709904e-03 -7.398927e-02 -7.127937e-02
647 2.698899e-03 -7.398513e-02 -7.128623e-02
648 2.687669e-03 -7.398071e-02 -7.129304e-02
649 2.676405e-03 -7.397607e-02 -7.129966e-02
650 2.665303e-03 -7.397131e-02 -7.130600e-02
651 2.654552e-03 -7.396652e-02 -7.131196e-02
652 2.644324e-03 -7.396179e-02 -7.131747e-02
653 2.634772e-03 -7.395723e-02 -7.132246e-02
654 2.626025e-03 -7.395292e-02 -7.132690e-02
655 2.618192e-03 -7.394896e-02 -7.133076e-02
656 2.611364e-03 -7.394542e-02 -7.133405e-02
657 2.605607e-03 -7.394239e-02 -7.133678e-02
658 2.600965e-03 -7.393994e-02 -7.133898e-02
659 2.597448e-03 -7.393814e-02 -7.134069e-02
660 2.595022e-03 -7.393701e-02 -7.134199e-02
661 2.593605e-03 -7.393656e-02 -7.134295e-02
662 2.593063e-03 -7.393674e-02 -7.134368e-02
663 2.593214e-03 -7.393750e-02 -7.134429e-02
664 2.593838e-03 -7.393872e-02 -7.134488e-02
665 2.594696e-03 -7.394029e-02 -7.134559e-02
666 2.595547e-03 -7.394206e-02 -7.134652e-02
667 2.596173e-03 -7.394392e-02 -7.134775e-02
668 2.596392e-03 -7.394575e-02 -7.134936e-02
669 2.596071e-03 -7.394745e-02 -7.135138e-02
670 2.595130e-03 -7.394897e-02 -7.135384e-02
671 2.593539e-03 -7.395025e-02 -7.135671e-02
672 2.591315e-03 -7.395126e-02 -7.135994e-02
673 2.588508e-03 -7.395199e-02 -7.136348e-02
674 2.585194e-03 -7.395243e-02 -7.136723e-02
675 2.581465e-03 -7.395257e-02 -7.137110e-02
676 2.577419e-03 -7.395241e-02 -7.137499e-02
677 2.573158e-03 -7.395194e-02 -7.137878e-02
678 2.568778e-03 -7.395115e-02 -7.138237e-02
679 2.564378e-03 -7.395003e-02 -7.138566e-02
680 2.560052e-03 -7.394859e-02 -7.138854e-02
681 2.555899e-03 -7.394684e-02 -7.139094e-02
682 2.552021e-03 -7.394479e-02 -7.139277e-02
683 2.548526e-03 -7.394250e-02 -7.139397e-02
684 2.545530e-03 -7.394003e-02 -7.139450e-02
685 2.543153e-03 -7.393746e-02 -7.139431e-02
686 2.541518e-03 -7.393490e-02 -7.139338e-02
687 2.540741e-03 -7.393246e-02 -7.139172e-02
688 2.540927e-03 -7.393026e-02 -7.138934e-02
689 2.542159e-03 -7.392844e-02 -7.138628e-02
690 2.544494e-03 -7.392709e-02 -7.138260e-02
691 2.547947e-03 -7.392635e-02 -7.137840e-02
692 2.552491e-03 -7.392627e-02 -7.137378e-02
693 2.558041e-03 -7.392691e-02 -7.136887e-02
694 2.564459e-03 -7.392828e-02 -7.136382e-02
695 2.571545e-03 -7.393035e-02 -7.135881e-02
696 2.579046e-03 -7.393304e-02 -7.135400e-02
697 2.586666e-03 -7.393624e-02 -7.134957e-02
698 2.594078e-03 -7.393978e-02 -7.134570e-02
699 2.600947e-03 -7.394348e-02 -7.134254e-02
700 2.606955e-03 -7.394716e-02 -7.134021e-02
701 2.611824e-03 -7.395063e-02 -7.133880e-02
702 2.615346e-03 -7.395371e-02 -7.133836e-02
703 2.617400e-03 -7.395627e-02 -7.133887e-02
704 2.617972e-03 -7.395822e-02 -7.134025e-02
705 2.617159e-03 -7.395954e-02 -7.134238e-02
706 2.615168e-03 -7.396025e-02 -7.134508e-02
707 2.612295e-03 -7.396044e-02 -7.134814e-02
708 2.608900e-03 -7.396022e-02 -7.135132e-02
709 2.605375e-03 -7.395973e-02 -7.135436e-02
710 2.602101e-03 -7.395913e-02 -7.135703e-02
711 2.599421e-03 -7.395855e-02 -7.135913e-02
712 2.597605e-03 -7.395808e-02 -7.136047e-02
713 2.596837e-03 -7.395778e-02 -7.136095e-02
714 2.597207e-03 -7.395770e-02 -7.136049e-02
715 2.598713e-03 -7.395781e-02 -7.135910e-02
716 2.601280e-03 -7.395809e-02 -7.135681e-02
717 2.604772e-03 -7.395850e-02 -7.135372e-02
718 2.609019e-03 -7.395898e-02 -7.134996e-02
719 2.613828e-03 -7.395952e-02 -7.134569e-02
720 2.619006e-03 -7.396008e-02 -7.134107e-02
721 2.624360e-03 -7.396066e-02 -7.133630e-02
722 2.629707e-03 -7.396126e-02 -7.133155e-02
723 2.634872e-03 -7.396189e-02 -7.132702e-02
724 2.639681e-03 -7.396256e-02 -7.132288e-02
725 2.643962e-03 -7.396325e-02 -7.131929e-02
726 2.647539e-03 -7.396395e-02 -7.131641e-02
727 2.650236e-03 -7.396461e-02 -7.131437e-02
728 2.651883e-03 -7.396517e-02 -7.131328e-02
729 2.652325e-03 -7.396556e-02 -7.131324e-02
730 2.651436e-03 -7.396571e-02 -7.131427e-02
731 2.649134e-03 -7.396554e-02 -7.131641e-02
732 2.645397e-03 -7.396501e-02 -7.131961e-02
733 2.640276e-03 -7.396407e-02 -7.132379e-02
734 2.633902e-03 -7.396273e-02 -7.132883e-02
735 2.626493e-03 -7.396104e-02 -7.133454e-02
736 2.618343e-03 -7.395905e-02 -7.134071e-02
737 2.609819e-03 -7.395689e-02 -7.134707e-02
738 2.601346e-03 -7.395467e-02 -7.135332e-02
739 2.593388e-03 -7.395256e-02 -7.135917e-02
740 2.586434e-03 -7.395072e-02 -7.136429e-02
741 2.580976e-03 -7.394934e-02 -7.136837e-02
742 2.577487e-03 -7.394859e-02 -7.137111e-02
743 2.576402e-03 -7.394866e-02 -7.137226e-02
744 2.578084e-03 -7.394970e-02 -7.137162e-02
745 2.582804e-03 -7.395184e-02 -7.136904e-02
746 2.590707e-03 -7.395518e-02 -7.136447e-02
747 2.601793e-03 -7.395974e-02 -7.135794e-02
748 2.615901e-03 -7.396547e-02 -7.134957e-02
749 2.632704e-03 -7.397226e-02 -7.133955e-02
750 2.651723e-03 -7.397991e-02 -7.132818e-02
751 2.672353e-03 -7.398817e-02 -7.131582e-02
752 2.693897e-03 -7.399675e-02 -7.130285e-02
753 2.715614e-03 -7.400533e-02 -7.128972e-02
754 2.736762e-03 -7.401361e-02 -7.127685e-02
755 2.756646e-03 -7.402131e-02 -7.126466e-02
756 2.774651e-03 -7.402818e-02 -7.125353e-02
757 2.790268e-03 -7.403404e-02 -7.124377e-02
758 2.803109e-03 -7.403876e-02 -7.123565e-02
759 2.812915e-03 -7.404227e-02 -7.122935e-02
760 2.819545e-03 -7.404454e-02 -7.122499e-02
761 2.822969e-03 -7.404560e-02 -7.122263e-02
762 2.823254e-03 -7.404550e-02 -7.122225e-02
763 2.820546e-03 -7.404431e-02 -7.122377e-02
764 2.815057e-03 -7.404213e-02 -7.122708e-02
765 2.807053e-03 -7.403906e-02 -7.123201e-02
766 2.796843e-03 -7.403520e-02 -7.123836e-02
767 2.784772e-03 -7.403067e-02 -7.124590e-02
768 2.771213e-03 -7.402560e-02 -7.125438e-02
769 2.756560e-03 -7.402011e-02 -7.126355e-02
770 2.741215e-03 -7.401433e-02 -7.127312e-02
771 2.725578e-03 -7.400841e-02 -7.128283e-02
772 2.710033e-03 -7.400245e-02 -7.129242e-02
773 2.694935e-03 -7.399660e-02 -7.130167e-02
774 2.680592e-03 -7.399095e-02 -7.131036e-02
775 2.667254e-03 -7.398560e-02 -7.131834e-02
776 2.655102e-03 -7.398059e-02 -7.132549e-02
777 2.644237e-03 -7.397597e-02 -7.133173e-02
778 2.634682e-03 -7.397173e-02 -7.133705e-02
779 2.626374e-03 -7.396786e-02 -7.134149e-02
780 2.619180e-03 -7.396431e-02 -7.134513e-02
781 2.612900e-03 -7.396099e-02 -7.134809e-02
782 2.607287e-03 -7.395781e-02 -7.135053e-02
783 2.602068e-03 -7.395469e-02 -7.135262e-02
784 2.596961e-03 -7.395152e-02 -7.135456e-02
785 2.591701e-03 -7.394822e-02 -7.135652e-02
786 2.586060e-03 -7.394471e-02 -7.135865e-02
787 2.579860e-03 -7.394095e-02 -7.136109e-02
788 2.572990e-03 -7.393692e-02 -7.136393e-02
789 2.565410e-03 -7.393263e-02 -7.136722e-02
790 2.557149e-03 -7.392811e-02 -7.137097e-02
791 2.548308e-03 -7.392342e-02 -7.137512e-02
792 2.539050e-03 -7.391864e-02 -7.137959e-02
793 2.529590e-03 -7.391385e-02 -7.138426e-02
794 2.520189e-03 -7.390917e-02 -7.138898e-02
795 2.511144e-03 -7.390470e-02 -7.139356e-02
796 2.502774e-03 -7.390057e-02 -7.139780e-02
797 2.495420e-03 -7.389691e-02 -7.140149e-02
798 2.489425e-03 -7.389386e-02 -7.140444e-02
799 2.485132e-03 -7.389157e-02 -7.140643e-02
800 2.482864e-03 -7.389018e-02 -7.140731e-02
801 2.482916e-03 -7.388983e-02 -7.140692e-02
802 2.485531e-03 -7.389066e-02 -7.140513e-02
803 2.490883e-03 -7.389278e-02 -7.140190e-02
804 2.499061e-03 -7.389625e-02 -7.139719e-02
805 2.510043e-03 -7.390109e-02 -7.139104e-02
806 2.523691e-03 -7.390725e-02 -7.138356e-02
807 2.539743e-03 -7.391464e-02 -7.137490e-02
808 2.557820e-03 -7.392308e-02 -7.136526e-02
809 2.577443e-03 -7.393234e-02 -7.135490e-02
810 2.598054e-03 -7.394215e-02 -7.134410e-02
811 2.619048e-03 -7.395222e-02 -7.133317e-02
812 2.639806e-03 -7.396222e-02 -7.132241e-02
813 2.659727e-03 -7.397186e-02 -7.131214e-02
814 2.678260e-03 -7.398088e-02 -7.130262e-02
815 2.694927e-03 -7.398903e-02 -7.129410e-02
816 2.709341e-03 -7.399614e-02 -7.128680e-02
817 2.721221e-03 -7.400208e-02 -7.128086e-02
818 2.730387e-03 -7.400677e-02 -7.127638e-02
819 2.736768e-03 -7.401019e-02 -7.127342e-02
820 2.740384e-03 -7.401235e-02 -7.127196e-02
821 2.741343e-03 -7.401331e-02 -7.127196e-02
822 2.739825e-03 -7.401314e-02 -7.127332e-02
823 2.736075e-03 -7.401197e-02 -7.127589e-02
824 2.730389e-03 -7.400990e-02 -7.127951e-02
825 2.723103e-03 -7.400709e-02 -7.128399e-02
826 2.714580e-03 -7.400370e-02 -7.128911e-02
827 2.705192e-03 -7.399987e-02 -7.129468e-02
828 2.695301e-03 -7.399579e-02 -7.130049e-02
829 2.685241e-03 -7.399160e-02 -7.130636e-02
830 2.675299e-03 -7.398741e-02 -7.131211e-02
831 2.665700e-03 -7.398334e-02 -7.131764e-02
832 2.656595e-03 -7.397944e-02 -7.132285e-02
833 2.648065e-03 -7.397575e-02 -7.132769e-02
834 2.640121e-03 -7.397226e-02 -7.133214e-02
835 2.632723e-03 -7.396895e-02 -7.133623e-02
836 2.625793e-03 -7.396576e-02 -7.133997e-02
837 2.619238e-03 -7.396266e-02 -7.134343e-02
838 2.612963e-03 -7.395961e-02 -7.134664e-02
839 2.606893e-03 -7.395657e-02 -7.134967e-02
840 2.600974e-03 -7.395352e-02 -7.135255e-02
841 2.595187e-03 -7.395048e-02 -7.135529e-02
842 2.589546e-03 -7.394746e-02 -7.135791e-02
843 2.584094e-03 -7.394450e-02 -7.136040e-02
844 2.578905e-03 -7.394164e-02 -7.136274e-02
845 2.574074e-03 -7.393895e-02 -7.136488e-02
846 2.569713e-03 -7.393649e-02 -7.136678e-02
847 2.565946e-03 -7.393432e-02 -7.136838e-02
848 2.562901e-03 -7.393252e-02 -7.136962e-02
849 2.560709e-03 -7.393116e-02 -7.137045e-02
850 2.559487e-03 -7.393029e-02 -7.137080e-02
851 2.559342e-03 -7.392997e-02 -7.137063e-02
852 2.560356e-03 -7.393025e-02 -7.136989e-02
853 2.562583e-03 -7.393114e-02 -7.136856e-02
854 2.566045e-03 -7.393266e-02 -7.136661e-02
855 2.570736e-03 -7.393479e-02 -7.136405e-02
856 2.576622e-03 -7.393751e-02 -7.136089e-02
857 2.583646e-03 -7.394079e-02 -7.135714e-02
858 2.591737e-03 -7.394460e-02 -7.135287e-02
859 2.600808e-03 -7.394892e-02 -7.134811e-02
860 2.610753e-03 -7.395369e-02 -7.134294e-02
861 2.621438e-03 -7.395889e-02 -7.133745e-02
862 2.632690e-03 -7.396444e-02 -7.133175e-02
863 2.644285e-03 -7.397026e-02 -7.132598e-02
864 2.655942e-03 -7.397624e-02 -7.132029e-02
865 2.667327e-03 -7.398220e-02 -7.131487e-02
866 2.678062e-03 -7.398796e-02 -7.130990e-02
867 2.687748e-03 -7.399332e-02 -7.130557e-02
868 2.695997e-03 -7.399806e-02 -7.130206e-02
869 2.702458e-03 -7.400197e-02 -7.129951e-02
870 2.706857e-03 -7.400491e-02 -7.129806e-02
871 2.709015e-03 -7.400676e-02 -7.129775e-02
872 2.708874e-03 -7.400748e-02 -7.129860e-02
873 2.706499e-03 -7.400707e-02 -7.130057e-02
874 2.702071e-03 -7.400561e-02 -7.130354e-02
875 2.695874e-03 -7.400325e-02 -7.130737e-02
876 2.688262e-03 -7.400014e-02 -7.131187e-02
877 2.679631e-03 -7.399647e-02 -7.131684e-02
878 2.670378e-03 -7.399244e-02 -7.132207e-02
879 2.660873e-03 -7.398823e-02 -7.132735e-02
880 2.651428e-03 -7.398396e-02 -7.133254e-02
881 2.642281e-03 -7.397976e-02 -7.133748e-02
882 2.633585e-03 -7.397568e-02 -7.134210e-02
883 2.625413e-03 -7.397176e-02 -7.134635e-02
884 2.617760e-03 -7.396797e-02 -7.135021e-02
885 2.610567e-03 -7.396430e-02 -7.135373e-02
886 2.603736e-03 -7.396070e-02 -7.135696e-02
887 2.597153e-03 -7.395713e-02 -7.135998e-02
888 2.590711e-03 -7.395357e-02 -7.136286e-02
889 2.584325e-03 -7.394999e-02 -7.136567e-02
890 2.577946e-03 -7.394642e-02 -7.136847e-02
891 2.571570e-03 -7.394288e-02 -7.137131e-02
892 2.565241e-03 -7.393944e-02 -7.137420e-02
893 2.559044e-03 -7.393617e-02 -7.137713e-02
894 2.553103e-03 -7.393317e-02 -7.138007e-02
895 2.547567e-03 -7.393054e-02 -7.138297e-02
896 2.542597e-03 -7.392837e-02 -7.138578e-02
897 2.538352e-03 -7.392676e-02 -7.138841e-02
898 2.534972e-03 -7.392578e-02 -7.139081e-02
899 2.532568e-03 -7.392547e-02 -7.139291e-02
900 2.531206e-03 -7.392586e-02 -7.139466e-02
901 2.530907e-03 -7.392692e-02 -7.139601e-02
902 2.531650e-03 -7.392859e-02 -7.139695e-02
903 2.533376e-03 -7.393081e-02 -7.139743e-02
904 2.536008e-03 -7.393347e-02 -7.139746e-02
905 2.539464e-03 -7.393647e-02 -7.139701e-02
906 2.543673e-03 -7.393974e-02 -7.139606e-02
907 2.548585e-03 -7.394319e-02 -7.139460e-02
908 2.554178e-03 -7.394678e-02 -7.139260e-02
909 2.560452e-03 -7.395047e-02 -7.139002e-02
910 2.567424e-03 -7.395425e-02 -7.138683e-02
911 2.575115e-03 -7.395813e-02 -7.138301e-02
912 2.583534e-03 -7.396208e-02 -7.137855e-02
913 2.592667e-03 -7.396611e-02 -7.137345e-02
914 2.602461e-03 -7.397020e-02 -7.136774e-02
915 2.612822e-03 -7.397431e-02 -7.136149e-02
916 2.623609e-03 -7.397838e-02 -7.135478e-02
917 2.634631e-03 -7.398236e-02 -7.134773e-02
918 2.645661e-03 -7.398615e-02 -7.134049e-02
919 2.656438e-03 -7.398968e-02 -7.133324e-02
920 2.666687e-03 -7.399287e-02 -7.132618e-02
921 2.676125e-03 -7.399564e-02 -7.131951e-02
922 2.684480e-03 -7.399792e-02 -7.131344e-02
923 2.691503e-03 -7.399966e-02 -7.130816e-02
924 2.696981e-03 -7.400084e-02 -7.130386e-02
925 2.700743e-03 -7.400144e-02 -7.130069e-02
926 2.702667e-03 -7.400146e-02 -7.129879e-02
927 2.702686e-03 -7.400092e-02 -7.129824e-02
928 2.700791e-03 -7.399986e-02 -7.129907e-02
929 2.697033e-03 -7.399832e-02 -7.130129e-02
930 2.691520e-03 -7.399634e-02 -7.130482e-02
931 2.684422e-03 -7.399399e-02 -7.130957e-02
932 2.675970e-03 -7.399133e-02 -7.131536e-02
933 2.666447e-03 -7.398844e-02 -7.132199e-02
934 2.656190e-03 -7.398540e-02 -7.132921e-02
935 2.645576e-03 -7.398231e-02 -7.133674e-02
936 2.635014e-03 -7.397928e-02 -7.134426e-02
937 2.624933e-03 -7.397639e-02 -7.135146e-02
938 2.615766e-03 -7.397378e-02 -7.135801e-02
939 2.607935e-03 -7.397153e-02 -7.136360e-02
940 2.601835e-03 -7.396976e-02 -7.136793e-02
941 2.597818e-03 -7.396856e-02 -7.137074e-02
942 2.596179e-03 -7.396801e-02 -7.137183e-02
943 2.597144e-03 -7.396817e-02 -7.137102e-02
944 2.600859e-03 -7.396909e-02 -7.136823e-02
945 2.607380e-03 -7.397078e-02 -7.136340e-02
946 2.616674e-03 -7.397326e-02 -7.135659e-02
947 2.628606e-03 -7.397649e-02 -7.134788e-02
948 2.642950e-03 -7.398042e-02 -7.133747e-02
949 2.659384e-03 -7.398498e-02 -7.132559e-02
950 2.677496e-03 -7.399006e-02 -7.131256e-02
951 2.696792e-03 -7.399554e-02 -7.129874e-02
952 2.716704e-03 -7.400126e-02 -7.128455e-02
953 2.736604e-03 -7.400704e-02 -7.127044e-02
954 2.755816e-03 -7.401270e-02 -7.125689e-02
955 2.773640e-03 -7.401801e-02 -7.124437e-02
956 2.789375e-03 -7.402275e-02 -7.123338e-02
957 2.802346e-03 -7.402669e-02 -7.122435e-02
958 2.811930e-03 -7.402961e-02 -7.121768e-02
959 2.817592e-03 -7.403130e-02 -7.121371e-02
960 2.818906e-03 -7.403159e-02 -7.121268e-02
961 2.815588e-03 -7.403035e-02 -7.121476e-02
962 2.807517e-03 -7.402750e-02 -7.121998e-02
963 2.794753e-03 -7.402302e-02 -7.122827e-02
964 2.777547e-03 -7.401699e-02 -7.123945e-02
965 2.756341e-03 -7.400954e-02 -7.125320e-02
966 2.731761e-03 -7.400090e-02 -7.126914e-02
967 2.704588e-03 -7.399135e-02 -7.128676e-02
968 2.675724e-03 -7.398124e-02 -7.130552e-02
969 2.646139e-03 -7.397096e-02 -7.132482e-02
970 2.616812e-03 -7.396088e-02 -7.134407e-02
971 2.588667e-03 -7.395137e-02 -7.136270e-02
972 2.562516e-03 -7.394273e-02 -7.138022e-02
973 2.539007e-03 -7.393518e-02 -7.139618e-02
974 2.518600e-03 -7.392886e-02 -7.141026e-02
975 2.501552e-03 -7.392378e-02 -7.142223e-02
976 2.487934e-03 -7.391989e-02 -7.143196e-02
977 2.477657e-03 -7.391707e-02 -7.143941e-02
978 2.470514e-03 -7.391514e-02 -7.144463e-02
979 2.466221e-03 -7.391394e-02 -7.144772e-02
980 2.464461e-03 -7.391329e-02 -7.144883e-02
981 2.464913e-03 -7.391304e-02 -7.144813e-02
982 2.467275e-03 -7.391308e-02 -7.144581e-02
983 2.471276e-03 -7.391336e-02 -7.144208e-02
984 2.476675e-03 -7.391382e-02 -7.143714e-02
985 2.483262e-03 -7.391446e-02 -7.143120e-02
986 2.490847e-03 -7.391530e-02 -7.142446e-02
987 2.499251e-03 -7.391636e-02 -7.141711e-02
988 2.508308e-03 -7.391767e-02 -7.140937e-02
989 2.517850e-03 -7.391927e-02 -7.140142e-02
990 2.527712e-03 -7.392117e-02 -7.139346e-02
991 2.537726e-03 -7.392341e-02 -7.138568e-02
992 2.547717e-03 -7.392598e-02 -7.137826e-02
993 2.557506e-03 -7.392887e-02 -7.137137e-02
994 2.566907e-03 -7.393207e-02 -7.136516e-02
995 2.575729e-03 -7.393551e-02 -7.135978e-02
996 2.583784e-03 -7.393912e-02 -7.135533e-02
997 2.590890e-03 -7.394280e-02 -7.135192e-02
998 2.596892e-03 -7.394647e-02 -7.134958e-02
999 2.601674e-03 -7.395000e-02 -7.134833e-02
1000 2.605177e-03 -7.395332e-02 -7.134814e-02
1001 2.607418e-03 -7.395633e-02 -7.134892e-02
1002 2.608496e-03 -7.395902e-02 -7.135052e-02
1003 2.608599e-03 -7.396136e-02 -7.135276e-02
1004 2.608002e-03 -7.396341e-02 -7.135541e-02
1005 2.607050e-03 -7.396525e-02 -7.135820e-02
1006 2.606139e-03 -7.396698e-02 -7.136084e-02
1007 2.605694e-03 -7.396874e-02 -7.136304e-02
1008 2.606139e-03 -7.397067e-02 -7.136453e-02
1009 2.607867e-03 -7.397292e-02 -7.136505e-02
1010 2.611212e-03 -7.397560e-02 -7.136439e-02
1011 2.616421e-03 -7.397883e-02 -7.136241e-02
1012 2.623631e-03 -7.398265e-02 -7.135902e-02
1013 2.632854e-03 -7.398707e-02 -7.135421e-02
1014 2.643968e-03 -7.399203e-02 -7.134806e-02
1015 2.656719e-03 -7.399742e-02 -7.134070e-02
1016 2.670735e-03 -7.400308e-02 -7.133234e-02
1017 2.685556e-03 -7.400879e-02 -7.132324e-02
1018 2.700664e-03 -7.401433e-02 -7.131367e-02
1019 2.715530e-03 -7.401947e-02 -7.130394e-02
1020 2.729653e-03 -7.402399e-02 -7.129434e-02
1021 2.742599e-03 -7.402773e-02 -7.128513e-02
1022 2.754030e-03 -7.403058e-02 -7.127655e-02
1023 2.763713e-03 -7.403249e-02 -7.126878e-02
1024 2.771521e-03 -7.403349e-02 -7.126196e-02
1025 2.777410e-03 -7.403361e-02 -7.125620e-02
1026 2.781393e-03 -7.403294e-02 -7.125155e-02
1027 2.783508e-03 -7.403157e-02 -7.124806e-02
1028 2.783791e-03 -7.402954e-02 -7.124575e-02
1029 2.782259e-03 -7.402690e-02 -7.124464e-02
1030 2.778903e-03 -7.402366e-02 -7.124475e-02
1031 2.773695e-03 -7.401980e-02 -7.124610e-02
1032 2.766604e-03 -7.401530e-02 -7.124870e-02
1033 2.757610e-03 -7.401015e-02 -7.125254e-02
1034 2.746725e-03 -7.400436e-02 -7.125763e-02
1035 2.734002e-03 -7.399794e-02 -7.126393e-02
1036 2.719539e-03 -7.399095e-02 -7.127141e-02
1037 2.703483e-03 -7.398348e-02 -7.128000e-02
1038 2.686014e-03 -7.397562e-02 -7.128961e-02
1039 2.667341e-03 -7.396747e-02 -7.130013e-02
1040 2.647692e-03 -7.395914e-02 -7.131145e-02
1041 2.627307e-03 -7.395071e-02 -7.132340e-02
1042 2.606446e-03 -7.394227e-02 -7.133582e-02
1043 2.585392e-03 -7.393390e-02 -7.134851e-02
1044 2.564460e-03 -7.392569e-02 -7.136123e-02
1045 2.544018e-03 -7.391774e-02 -7.137372e-02
1046 2.524486e-03 -7.391018e-02 -7.138569e-02
1047 2.506350e-03 -7.390317e-02 -7.139682e-02
1048 2.490149e-03 -7.389691e-02 -7.140676e-02
1049 2.476466e-03 -7.389162e-02 -7.141516e-02
1050 2.465896e-03 -7.388756e-02 -7.142166e-02
1051 2.459012e-03 -7.388498e-02 -7.142597e-02
1052 2.456317e-03 -7.388413e-02 -7.142781e-02
1053 2.458191e-03 -7.388520e-02 -7.142701e-02
1054 2.464839e-03 -7.388831e-02 -7.142347e-02
1055 2.476255e-03 -7.389348e-02 -7.141723e-02
1056 2.492190e-03 -7.390063e-02 -7.140844e-02
1057 2.512153e-03 -7.390954e-02 -7.139738e-02
1058 2.535426e-03 -7.391989e-02 -7.138446e-02
1059 2.561108e-03 -7.393128e-02 -7.137018e-02
1060 2.588166e-03 -7.394325e-02 -7.135508e-02
1061 2.615501e-03 -7.395530e-02 -7.133980e-02
1062 2.642010e-03 -7.396694e-02 -7.132493e-02
1063 2.666648e-03 -7.397773e-02 -7.131108e-02
1064 2.688485e-03 -7.398726e-02 -7.129877e-02
1065 2.706753e-03 -7.399521e-02 -7.128846e-02
1066 2.720887e-03 -7.400136e-02 -7.128047e-02
1067 2.730554e-03 -7.400558e-02 -7.127502e-02
1068 2.735670e-03 -7.400786e-02 -7.127219e-02
1069 2.736402e-03 -7.400831e-02 -7.127191e-02
1070 2.733147e-03 -7.400714e-02 -7.127399e-02
1071 2.726499e-03 -7.400463e-02 -7.127813e-02
1072 2.717197e-03 -7.400114e-02 -7.128395e-02
1073 2.706058e-03 -7.399704e-02 -7.129099e-02
1074 2.693916e-03 -7.399270e-02 -7.129878e-02
1075 2.681558e-03 -7.398842e-02 -7.130686e-02
1076 2.669671e-03 -7.398447e-02 -7.131479e-02
1077 2.658815e-03 -7.398102e-02 -7.132221e-02
1078 2.649402e-03 -7.397819e-02 -7.132878e-02
1079 2.641704e-03 -7.397600e-02 -7.133429e-02
1080 2.635862e-03 -7.397444e-02 -7.133857e-02
1081 2.631913e-03 -7.397346e-02 -7.134155e-02
1082 2.629802e-03 -7.397301e-02 -7.134321e-02
1083 2.629408e-03 -7.397302e-02 -7.134361e-02
1084 2.630543e-03 -7.397342e-02 -7.134288e-02
1085 2.632966e-03 -7.397415e-02 -7.134118e-02
1086 2.636375e-03 -7.397512e-02 -7.133875e-02
1087 2.640415e-03 -7.397625e-02 -7.133583e-02
1088 2.644680e-03 -7.397741e-02 -7.133273e-02
1089 2.648722e-03 -7.397848e-02 -7.132976e-02
1090 2.652075e-03 -7.397930e-02 -7.132723e-02
1091 2.654276e-03 -7.397971e-02 -7.132544e-02
1092 2.654903e-03 -7.397957e-02 -7.132467e-02
1093 2.653607e-03 -7.397874e-02 -7.132513e-02
1094 2.650145e-03 -7.397714e-02 -7.132700e-02
1095 2.644406e-03 -7.397473e-02 -7.133033e-02
1096 2.636433e-03 -7.397155e-02 -7.133511e-02
1097 2.626426e-03 -7.396768e-02 -7.134125e-02
1098 2.614735e-03 -7.396329e-02 -7.134856e-02
1099 2.601842e-03 -7.395859e-02 -7.135675e-02
1100 2.588327e-03 -7.395382e-02 -7.136550e-02
1101 2.574827e-03 -7.394926e-02 -7.137444e-02
1102 2.561997e-03 -7.394517e-02 -7.138317e-02
1103 2.550456e-03 -7.394178e-02 -7.139132e-02
1104 2.540751e-03 -7.393928e-02 -7.139853e-02
1105 2.533322e-03 -7.393780e-02 -7.140448e-02
1106 2.528472e-03 -7.393741e-02 -7.140894e-02
1107 2.526362e-03 -7.393810e-02 -7.141174e-02
1108 2.527003e-03 -7.393979e-02 -7.141278e-02
1109 2.530274e-03 -7.394235e-02 -7.141208e-02
1110 2.535934e-03 -7.394562e-02 -7.140968e-02
1111 2.543659e-03 -7.394939e-02 -7.140573e-02
1112 2.553062e-03 -7.395347e-02 -7.140040e-02
1113 2.563727e-03 -7.395765e-02 -7.139393e-02
1114 2.575240e-03 -7.396177e-02 -7.138653e-02
1115 2.587208e-03 -7.396569e-02 -7.137848e-02
1116 2.599284e-03 -7.396930e-02 -7.137001e-02
1117 2.611176e-03 -7.397253e-02 -7.136136e-02
1118 2.622658e-03 -7.397538e-02 -7.135272e-02
1119 2.633574e-03 -7.397786e-02 -7.134429e-02
1120 2.643829e-03 -7.398002e-02 -7.133619e-02
1121 2.653383e-03 -7.398194e-02 -7.132856e-02
1122 2.662238e-03 -7.398372e-02 -7.132148e-02
1123 2.670417e-03 -7.398543e-02 -7.131502e-02
1124 2.677947e-03 -7.398718e-02 -7.130923e-02
1125 2.684846e-03 -7.398902e-02 -7.130417e-02
1126 2.691103e-03 -7.399097e-02 -7.129986e-02
1127 2.696678e-03 -7.399303e-02 -7.129635e-02
1128 2.701492e-03 -7.399516e-02 -7.129367e-02
1129 2.705435e-03 -7.399730e-02 -7.129186e-02
1130 2.708365e-03 -7.399934e-02 -7.129097e-02
1131 2.710115e-03 -7.400117e-02 -7.129105e-02
1132 2.710504e-03 -7.400265e-02 -7.129215e-02
1133 2.709345e-03 -7.400364e-02 -7.129430e-02
1134 2.706457e-03 -7.400399e-02 -7.129753e-02
1135 2.701683e-03 -7.400356e-02 -7.130188e-02
1136 2.694910e-03 -7.400224e-02 -7.130733e-02
1137 2.686084e-03 -7.399995e-02 -7.131386e-02
1138 2.675232e-03 -7.399663e-02 -7.132140e-02
1139 2.662469e-03 -7.399231e-02 -7.132984e-02
1140 2.648004e-03 -7.398705e-02 -7.133905e-02
1141 2.632135e-03 -7.398097e-02 -7.134883e-02
1142 2.615243e-03 -7.397422e-02 -7.135898e-02
1143 2.597767e-03 -7.396701e-02 -7.136924e-02
1144 2.580193e-03 -7.395954e-02 -7.137934e-02
1145 2.563025e-03 -7.395204e-02 -7.138901e-02
1146 2.546768e-03 -7.394473e-02 -7.139796e-02
1147 2.531912e-03 -7.393783e-02 -7.140592e-02
1148 2.518915e-03 -7.393154e-02 -7.141263e-02
1149 2.508194e-03 -7.392605e-02 -7.141785e-02
1150 2.500117e-03 -7.392150e-02 -7.142139e-02
1151 2.494997e-03 -7.391807e-02 -7.142307e-02
1152 2.493085e-03 -7.391587e-02 -7.142278e-02
1153 2.494563e-03 -7.391501e-02 -7.142045e-02
1154 2.499528e-03 -7.391560e-02 -7.141607e-02
1155 2.507979e-03 -7.391767e-02 -7.140969e-02
1156 2.519798e-03 -7.392123e-02 -7.140143e-02
1157 2.534735e-03 -7.392623e-02 -7.139149e-02
1158 2.552407e-03 -7.393254e-02 -7.138013e-02
1159 2.572304e-03 -7.393997e-02 -7.136766e-02
1160 2.593806e-03 -7.394827e-02 -7.135446e-02
1161 2.616220e-03 -7.395715e-02 -7.134093e-02
1162 2.638817e-03 -7.396630e-02 -7.132748e-02
1163 2.660879e-03 -7.397539e-02 -7.131451e-02
1164 2.681733e-03 -7.398414e-02 -7.130241e-02
1165 2.700785e-03 -7.399230e-02 -7.129151e-02
1166 2.717540e-03 -7.399965e-02 -7.128211e-02
1167 2.731614e-03 -7.400603e-02 -7.127442e-02
1168 2.742735e-03 -7.401134e-02 -7.126861e-02
1169 2.750734e-03 -7.401550e-02 -7.126477e-02
1170 2.755543e-03 -7.401847e-02 -7.126293e-02
1171 2.757174e-03 -7.402025e-02 -7.126308e-02
1172 2.755717e-03 -7.402084e-02 -7.126512e-02
1173 2.751323e-03 -7.402028e-02 -7.126896e-02
1174 2.744199e-03 -7.401862e-02 -7.127442e-02
1175 2.734607e-03 -7.401593e-02 -7.128133e-02
1176 2.722848e-03 -7.401230e-02 -7.128945e-02
1177 2.709268e-03 -7.400783e-02 -7.129856e-02
1178 2.694245e-03 -7.400265e-02 -7.130840e-02
1179 2.678183e-03 -7.399689e-02 -7.131871e-02
1180 2.661505e-03 -7.399072e-02 -7.132922e-02
1181 2.644647e-03 -7.398429e-02 -7.133965e-02
1182 2.628044e-03 -7.397779e-02 -7.134975e-02
1183 2.612129e-03 -7.397138e-02 -7.135925e-02
1184 2.597321e-03 -7.396526e-02 -7.136794e-02
1185 2.584017e-03 -7.395959e-02 -7.137557e-02
1186 2.572575e-03 -7.395455e-02 -7.138198e-02
1187 2.563304e-03 -7.395030e-02 -7.138699e-02
1188 2.556440e-03 -7.394695e-02 -7.139051e-02
1189 2.552127e-03 -7.394460e-02 -7.139248e-02
1190 2.550400e-03 -7.394329e-02 -7.139289e-02
1191 2.551174e-03 -7.394299e-02 -7.139182e-02
1192 2.554243e-03 -7.394364e-02 -7.138939e-02
1193 2.559295e-03 -7.394508e-02 -7.138579e-02
1194 2.565925e-03 -7.394717e-02 -7.138124e-02
1195 2.573672e-03 -7.394969e-02 -7.137602e-02
1196 2.582049e-03 -7.395246e-02 -7.137041e-02
1197 2.590574e-03 -7.395527e-02 -7.136470e-02
1198 2.598796e-03 -7.395796e-02 -7.135916e-02
1199 2.606322e-03 -7.396037e-02 -7.135405e-02
1200 2.612826e-03 -7.396240e-02 -7.134957e-02
1201 2.618056e-03 -7.396397e-02 -7.134591e-02
1202 2.621837e-03 -7.396502e-02 -7.134318e-02
1203 2.624068e-03 -7.396554e-02 -7.134147e-02
1204 2.624719e-03 -7.396552e-02 -7.134080e-02
1205 2.623821e-03 -7.396497e-02 -7.134115e-02
1206 2.621465e-03 -7.396395e-02 -7.134248e-02
1207 2.617792e-03 -7.396248e-02 -7.134469e-02
1208 2.612987e-03 -7.396065e-02 -7.134766e-02
1209 2.607277e-03 -7.395852e-02 -7.135124e-02
1210 2.600918e-03 -7.395618e-02 -7.135526e-02
1211 2.594199e-03 -7.395373e-02 -7.135953e-02
1212 2.587431e-03 -7.395128e-02 -7.136385e-02
1213 2.580949e-03 -7.394893e-02 -7.136798e-02
1214 2.575113e-03 -7.394681e-02 -7.137170e-02
1215 2.570300e-03 -7.394505e-02 -7.137475e-02
1216 2.566896e-03 -7.394380e-02 -7.137690e-02
1217 2.565289e-03 -7.394320e-02 -7.137791e-02
1218 2.565840e-03 -7.394340e-02 -7.137756e-02
1219 2.568864e-03 -7.394453e-02 -7.137567e-02
1220 2.574593e-03 -7.394670e-02 -7.137211e-02
1221 2.583154e-03 -7.394997e-02 -7.136682e-02
1222 2.594538e-03 -7.395433e-02 -7.135980e-02
1223 2.608588e-03 -7.395973e-02 -7.135114e-02
1224 2.624995e-03 -7.396604e-02 -7.134104e-02
1225 2.643302e-03 -7.397306e-02 -7.132976e-02
1226 2.662928e-03 -7.398055e-02 -7.131763e-02
1227 2.683199e-03 -7.398824e-02 -7.130505e-02
1228 2.703385e-03 -7.399583e-02 -7.129244e-02
1229 2.722747e-03 -7.400300e-02 -7.128025e-02
1230 2.740577e-03 -7.400948e-02 -7.126891e-02
1231 2.756241e-03 -7.401504e-02 -7.125880e-02
1232 2.769210e-03 -7.401947e-02 -7.125026e-02
1233 2.779089e-03 -7.402264e-02 -7.124356e-02
1234 2.785628e-03 -7.402450e-02 -7.123887e-02
1235 2.788728e-03 -7.402502e-02 -7.123629e-02
1236 2.788433e-03 -7.402427e-02 -7.123584e-02
1237 2.784908e-03 -7.402235e-02 -7.123744e-02
1238 2.778422e-03 -7.401938e-02 -7.124096e-02
1239 2.769310e-03 -7.401551e-02 -7.124620e-02
1240 2.757955e-03 -7.401089e-02 -7.125293e-02
1241 2.744759e-03 -7.400565e-02 -7.126089e-02
1242 2.730131e-03 -7.399993e-02 -7.126980e-02
1243 2.714481e-03 -7.399384e-02 -7.127935e-02
1244 2.698223e-03 -7.398749e-02 -7.128926e-02
1245 2.681777e-03 -7.398101e-02 -7.129923e-02
1246 2.665575e-03 -7.397454e-02 -7.130896e-02
1247 2.650063e-03 -7.396824e-02 -7.131818e-02
1248 2.635692e-03 -7.396230e-02 -7.132661e-02
1249 2.622903e-03 -7.395693e-02 -7.133403e-02
1250 2.612102e-03 -7.395233e-02 -7.134023e-02
1251 2.603634e-03 -7.394870e-02 -7.134507e-02
1252 2.597745e-03 -7.394618e-02 -7.134844e-02
1253 2.594564e-03 -7.394488e-02 -7.135032e-02
1254 2.594076e-03 -7.394484e-02 -7.135076e-02
1255 2.596125e-03 -7.394600e-02 -7.134988e-02
1256 2.600411e-03 -7.394827e-02 -7.134786e-02
1257 2.606509e-03 -7.395145e-02 -7.134495e-02
1258 2.613897e-03 -7.395533e-02 -7.134143e-02
1259 2.621980e-03 -7.395963e-02 -7.133765e-02
1260 2.630125e-03 -7.396406e-02 -7.133393e-02
1261 2.637701e-03 -7.396832e-02 -7.133062e-02
1262 2.644108e-03 -7.397213e-02 -7.132802e-02
1263 2.648819e-03 -7.397524e-02 -7.132642e-02
1264 2.651410e-03 -7.397745e-02 -7.132604e-02
1265 2.651593e-03 -7.397860e-02 -7.132701e-02
1266 2.649233e-03 -7.397865e-02 -7.132942e-02
1267 2.644360e-03 -7.397760e-02 -7.133324e-02
1268 2.637170e-03 -7.397554e-02 -7.133837e-02
1269 2.628005e-03 -7.397265e-02 -7.134464e-02
1270 2.617328e-03 -7.396913e-02 -7.135180e-02
1271 2.605684e-03 -7.396523e-02 -7.135954e-02
1272 2.593660e-03 -7.396121e-02 -7.136755e-02
1273 2.581842e-03 -7.395730e-02 -7.137546e-02
1274 2.570778e-03 -7.395373e-02 -7.138295e-02
1275 2.560955e-03 -7.395065e-02 -7.138969e-02
1276 2.552775e-03 -7.394818e-02 -7.139540e-02
1277 2.546553e-03 -7.394640e-02 -7.139985e-02
1278 2.542509e-03 -7.394535e-02 -7.140284e-02
1279 2.540782e-03 -7.394503e-02 -7.140425e-02
1280 2.541427e-03 -7.394543e-02 -7.140401e-02
1281 2.544432e-03 -7.394654e-02 -7.140210e-02
1282 2.549717e-03 -7.394831e-02 -7.139859e-02
1283 2.557139e-03 -7.395071e-02 -7.139357e-02
1284 2.566486e-03 -7.395368e-02 -7.138720e-02
1285 2.577476e-03 -7.395717e-02 -7.137970e-02
1286 2.589751e-03 -7.396108e-02 -7.137133e-02
1287 2.602875e-03 -7.396529e-02 -7.136241e-02
1288 2.616340e-03 -7.396962e-02 -7.135328e-02
1289 2.629578e-03 -7.397389e-02 -7.134431e-02
1290 2.641988e-03 -7.397787e-02 -7.133588e-02
1291 2.652964e-03 -7.398132e-02 -7.132835e-02
1292 2.661940e-03 -7.398399e-02 -7.132205e-02
1293 2.668433e-03 -7.398568e-02 -7.131725e-02
1294 2.672082e-03 -7.398624e-02 -7.131416e-02
1295 2.672684e-03 -7.398558e-02 -7.131289e-02
1296 2.670222e-03 -7.398369e-02 -7.131347e-02
1297 2.664869e-03 -7.398067e-02 -7.131580e-02
1298 2.656981e-03 -7.397669e-02 -7.131971e-02
1299 2.647072e-03 -7.397200e-02 -7.132493e-02
1300 2.635772e-03 -7.396692e-02 -7.133114e-02
1301 2.623774e-03 -7.396176e-02 -7.133799e-02
1302 2.611776e-03 -7.395686e-02 -7.134509e-02
1303 2.600422e-03 -7.395250e-02 -7.135208e-02
1304 2.590260e-03 -7.394892e-02 -7.135866e-02
1305 2.581697e-03 -7.394625e-02 -7.136455e-02
1306 2.574987e-03 -7.394456e-02 -7.136957e-02
1307 2.570229e-03 -7.394382e-02 -7.137359e-02
1308 2.567379e-03 -7.394395e-02 -7.137658e-02
1309 2.566280e-03 -7.394481e-02 -7.137853e-02
1310 2.566698e-03 -7.394622e-02 -7.137952e-02
1311 2.568356e-03 -7.394801e-02 -7.137965e-02
1312 2.570974e-03 -7.395003e-02 -7.137905e-02
1313 2.574295e-03 -7.395214e-02 -7.137784e-02
1314 2.578110e-03 -7.395425e-02 -7.137614e-02
1315 2.582266e-03 -7.395631e-02 -7.137405e-02
1316 2.586673e-03 -7.395833e-02 -7.137165e-02
1317 2.591295e-03 -7.396031e-02 -7.136901e-02
1318 2.596135e-03 -7.396229e-02 -7.136615e-02
1319 2.601223e-03 -7.396432e-02 -7.136310e-02
1320 2.606600e-03 -7.396644e-02 -7.135985e-02
1321 2.612298e-03 -7.396869e-02 -7.135639e-02
1322 2.618337e-03 -7.397106e-02 -7.135272e-02
1323 2.624719e-03 -7.397355e-02 -7.134883e-02
1324 2.631423e-03 -7.397614e-02 -7.134471e-02
1325 2.638412e-03 -7.397878e-02 -7.134036e-02
1326 2.645638e-03 -7.398144e-02 -7.133580e-02
1327 2.653039e-03 -7.398408e-02 -7.133104e-02
1328 2.660549e-03 -7.398667e-02 -7.132612e-02
1329 2.668090e-03 -7.398919e-02 -7.132110e-02
1330 2.675574e-03 -7.399161e-02 -7.131603e-02
1331 2.682897e-03 -7.399391e-02 -7.131102e-02
1332 2.689933e-03 -7.399607e-02 -7.130614e-02
1333 2.696535e-03 -7.399805e-02 -7.130151e-02
1334 2.702537e-03 -7.399980e-02 -7.129726e-02
1335 2.707756e-03 -7.400128e-02 -7.129352e-02
1336 2.712009e-03 -7.400241e-02 -7.129040e-02
1337 2.715121e-03 -7.400315e-02 -7.128803e-02
1338 2.716948e-03 -7.400345e-02 -7.128650e-02
1339 2.717383e-03 -7.400326e-02 -7.128588e-02
1340 2.716376e-03 -7.400258e-02 -7.128620e-02
1341 2.713933e-03 -7.400140e-02 -7.128747e-02
1342 2.710120e-03 -7.399976e-02 -7.128964e-02
1343 2.705057e-03 -7.399770e-02 -7.129264e-02
1344 2.698908e-03 -7.399529e-02 -7.129639e-02
1345 2.691867e-03 -7.399261e-02 -7.130074e-02
1346 2.684149e-03 -7.398972e-02 -7.130558e-02
1347 2.675975e-03 -7.398671e-02 -7.131073e-02
1348 2.667561e-03 -7.398363e-02 -7.131607e-02
1349 2.659117e-03 -7.398056e-02 -7.132144e-02
1350 2.650833e-03 -7.397756e-02 -7.132673e-02
1351 2.642880e-03 -7.397470e-02 -7.133182e-02
1352 2.635406e-03 -7.397203e-02 -7.133662e-02
1353 2.628526e-03 -7.396958e-02 -7.134106e-02
1354 2.622324e-03 -7.396741e-02 -7.134508e-02
1355 2.616845e-03 -7.396551e-02 -7.134867e-02
1356 2.612095e-03 -7.396390e-02 -7.135180e-02
1357 2.608049e-03 -7.396252e-02 -7.135447e-02
1358 2.604660e-03 -7.396136e-02 -7.135670e-02
1359 2.601876e-03 -7.396035e-02 -7.135847e-02
1360 2.599661e-03 -7.395944e-02 -7.135978e-02
1361 2.598017e-03 -7.395862e-02 -7.136061e-02
1362 2.596994e-03 -7.395790e-02 -7.136090e-02
1363 2.596699e-03 -7.395731e-02 -7.136061e-02
1364 2.597285e-03 -7.395694e-02 -7.135965e-02
1365 2.598930e-03 -7.395691e-02 -7.135798e-02
1366 2.601807e-03 -7.395734e-02 -7.135553e-02
1367 2.606044e-03 -7.395833e-02 -7.135229e-02
1368 2.611686e-03 -7.395998e-02 -7.134829e-02
1369 2.618668e-03 -7.396228e-02 -7.134361e-02
1370 2.626795e-03 -7.396519e-02 -7.133840e-02
1371 2.635745e-03 -7.396861e-02 -7.133286e-02
1372 2.645082e-03 -7.397234e-02 -7.132726e-02
1373 2.654289e-03 -7.397617e-02 -7.132188e-02
1374 2.662807e-03 -7.397984e-02 -7.131703e-02
1375 2.670078e-03 -7.398309e-02 -7.131302e-02
1376 2.675589e-03 -7.398570e-02 -7.131011e-02
1377 2.678911e-03 -7.398746e-02 -7.130855e-02
1378 2.679726e-03 -7.398822e-02 -7.130849e-02
1379 2.677845e-03 -7.398790e-02 -7.131005e-02
1380 2.673217e-03 -7.398646e-02 -7.131325e-02
1381 2.665929e-03 -7.398395e-02 -7.131802e-02
1382 2.656196e-03 -7.398044e-02 -7.132424e-02
1383 2.644349e-03 -7.397605e-02 -7.133170e-02
1384 2.630820e-03 -7.397098e-02 -7.134016e-02
1385 2.616119e-03 -7.396543e-02 -7.134931e-02
1386 2.600818e-03 -7.395964e-02 -7.135882e-02
1387 2.585518e-03 -7.395386e-02 -7.136834e-02
1388 2.570820e-03 -7.394834e-02 -7.137752e-02
1389 2.557288e-03 -7.394333e-02 -7.138604e-02
1390 2.545415e-03 -7.393903e-02 -7.139361e-02
1391 2.535595e-03 -7.393558e-02 -7.139998e-02
1392 2.528103e-03 -7.393308e-02 -7.140497e-02
1393 2.523095e-03 -7.393155e-02 -7.140846e-02
1394 2.520619e-03 -7.393098e-02 -7.141036e-02
1395 2.520637e-03 -7.393132e-02 -7.141068e-02
1396 2.523049e-03 -7.393250e-02 -7.140945e-02
1397 2.527716e-03 -7.393445e-02 -7.140673e-02
1398 2.534471e-03 -7.393711e-02 -7.140264e-02
1399 2.543124e-03 -7.394043e-02 -7.139730e-02
1400 2.553462e-03 -7.394434e-02 -7.139088e-02
1401 2.565245e-03 -7.394878e-02 -7.138353e-02
1402 2.578207e-03 -7.395365e-02 -7.137545e-02
1403 2.592063e-03 -7.395888e-02 -7.136681e-02
1404 2.606516e-03 -7.396434e-02 -7.135783e-02
1405 2.621271e-03 -7.396993e-02 -7.134866e-02
1406 2.636046e-03 -7.397555e-02 -7.133950e-02
1407 2.650572e-03 -7.398108e-02 -7.133051e-02
1408 2.664602e-03 -7.398644e-02 -7.132184e-02
1409 2.677899e-03 -7.399152e-02 -7.131362e-02
1410 2.690242e-03 -7.399623e-02 -7.130599e-02
1411 2.701421e-03 -7.400047e-02 -7.129905e-02
1412 2.711253e-03 -7.400415e-02 -7.129290e-02
1413 2.719588e-03 -7.400718e-02 -7.128759e-02
1414 2.726333e-03 -7.400952e-02 -7.128319e-02
1415 2.731462e-03 -7.401114e-02 -7.127968e-02
1416 2.735027e-03 -7.401208e-02 -7.127705e-02
1417 2.737155e-03 -7.401241e-02 -7.127525e-02
1418 2.738036e-03 -7.401223e-02 -7.127420e-02
1419 2.737899e-03 -7.401169e-02 -7.127379e-02
1420 2.736978e-03 -7.401089e-02 -7.127391e-02
1421 2.735485e-03 -7.400995e-02 -7.127446e-02
1422 2.733587e-03 -7.400893e-02 -7.127534e-02
1423 2.731391e-03 -7.400787e-02 -7.127648e-02
1424 2.728949e-03 -7.400676e-02 -7.127781e-02
1425 2.726269e-03 -7.400556e-02 -7.127929e-02
1426 2.723340e-03 -7.400425e-02 -7.128091e-02
1427 2.720145e-03 -7.400280e-02 -7.128266e-02
1428 2.716678e-03 -7.400122e-02 -7.128455e-02
1429 2.712933e-03 -7.399953e-02 -7.128660e-02
1430 2.708900e-03 -7.399775e-02 -7.128885e-02
1431 2.704532e-03 -7.399591e-02 -7.129138e-02
1432 2.699737e-03 -7.399399e-02 -7.129426e-02
1433 2.694365e-03 -7.399195e-02 -7.129758e-02
1434 2.688219e-03 -7.398970e-02 -7.130148e-02
1435 2.681081e-03 -7.398714e-02 -7.130606e-02
1436 2.672748e-03 -7.398418e-02 -7.131143e-02
1437 2.663063e-03 -7.398073e-02 -7.131767e-02
1438 2.651940e-03 -7.397674e-02 -7.132480e-02
1439 2.639385e-03 -7.397221e-02 -7.133283e-02
1440 2.625492e-03 -7.396718e-02 -7.134168e-02
1441 2.610444e-03 -7.396170e-02 -7.135125e-02
1442 2.594506e-03 -7.395587e-02 -7.136136e-02
1443 2.578015e-03 -7.394981e-02 -7.137180e-02
1444 2.561372e-03 -7.394367e-02 -7.138230e-02
1445 2.545037e-03 -7.393762e-02 -7.139258e-02
1446 2.529510e-03 -7.393184e-02 -7.140233e-02
1447 2.515317e-03 -7.392654e-02 -7.141122e-02
1448 2.502975e-03 -7.392193e-02 -7.141896e-02
1449 2.492961e-03 -7.391823e-02 -7.142526e-02
1450 2.485666e-03 -7.391558e-02 -7.142991e-02
1451 2.481367e-03 -7.391410e-02 -7.143274e-02
1452 2.480199e-03 -7.391385e-02 -7.143365e-02
1453 2.482151e-03 -7.391479e-02 -7.143264e-02
1454 2.487071e-03 -7.391684e-02 -7.142977e-02
1455 2.494694e-03 -7.391986e-02 -7.142517e-02
1456 2.504670e-03 -7.392370e-02 -7.141903e-02
1457 2.516594e-03 -7.392818e-02 -7.141159e-02
1458 2.530040e-03 -7.393315e-02 -7.140311e-02
1459 2.544575e-03 -7.393845e-02 -7.139387e-02
1460 2.559782e-03 -7.394395e-02 -7.138416e-02
1461 2.575268e-03 -7.394953e-02 -7.137426e-02
1462 2.590671e-03 -7.395511e-02 -7.136444e-02
1463 2.605661e-03 -7.396058e-02 -7.135492e-02
1464 2.619950e-03 -7.396589e-02 -7.134594e-02
1465 2.633283e-03 -7.397097e-02 -7.133768e-02
1466 2.645450e-03 -7.397575e-02 -7.133030e-02
1467 2.656278e-03 -7.398020e-02 -7.132392e-02
1468 2.665633e-03 -7.398427e-02 -7.131864e-02
1469 2.673423e-03 -7.398793e-02 -7.131450e-02
1470 2.679598e-03 -7.399116e-02 -7.131156e-02
1471 2.684144e-03 -7.399395e-02 -7.130980e-02
1472 2.687083e-03 -7.399629e-02 -7.130921e-02
1473 2.688467e-03 -7.399820e-02 -7.130974e-02
1474 2.688371e-03 -7.399969e-02 -7.131131e-02
1475 2.686883e-03 -7.400075e-02 -7.131387e-02
1476 2.684102e-03 -7.400140e-02 -7.131730e-02
1477 2.680137e-03 -7.400165e-02 -7.132151e-02
1478 2.675112e-03 -7.400151e-02 -7.132639e-02
1479 2.669168e-03 -7.400099e-02 -7.133182e-02
1480 2.662479e-03 -7.400014e-02 -7.133766e-02
1481 2.655246e-03 -7.399901e-02 -7.134377e-02
1482 2.647697e-03 -7.399768e-02 -7.134998e-02
1483 2.640081e-03 -7.399622e-02 -7.135614e-02
1484 2.632647e-03 -7.399472e-02 -7.136208e-02
1485 2.625633e-03 -7.399326e-02 -7.136763e-02
1486 2.619253e-03 -7.399189e-02 -7.137263e-02
1487 2.613692e-03 -7.399064e-02 -7.137695e-02
1488 2.609110e-03 -7.398956e-02 -7.138045e-02
1489 2.605647e-03 -7.398866e-02 -7.138301e-02
1490 2.603432e-03 -7.398797e-02 -7.138454e-02
1491 2.602590e-03 -7.398754e-02 -7.138495e-02
1492 2.603234e-03 -7.398742e-02 -7.138419e-02
1493 2.605463e-03 -7.398769e-02 -7.138223e-02
1494 2.609333e-03 -7.398842e-02 -7.137909e-02
1495 2.614840e-03 -7.398966e-02 -7.137482e-02
1496 2.621890e-03 -7.399143e-02 -7.136954e-02
1497 2.630282e-03 -7.399370e-02 -7.136342e-02
1498 2.639705e-03 -7.399637e-02 -7.135667e-02
1499 2.649738e-03 -7.399930e-02 -7.134956e-02
1500 2.659879e-03 -7.400230e-02 -7.134242e-02
1501 2.669578e-03 -7.400514e-02 -7.133556e-02
1502 2.678275e-03 -7.400758e-02 -7.132930e-02
1503 2.685445e-03 -7.400941e-02 -7.132397e-02
1504 2.690634e-03 -7.401044e-02 -7.131981e-02
1505 2.693496e-03 -7.401053e-02 -7.131704e-02
1506 2.693806e-03 -7.400959e-02 -7.131579e-02
1507 2.691480e-03 -7.400760e-02 -7.131611e-02
1508 2.686574e-03 -7.400457e-02 -7.131800e-02
1509 2.679279e-03 -7.400061e-02 -7.132133e-02
1510 2.669914e-03 -7.399585e-02 -7.132594e-02
1511 2.658908e-03 -7.399047e-02 -7.133156e-02
1512 2.646776e-03 -7.398470e-02 -7.133792e-02
1513 2.634094e-03 -7.397876e-02 -7.134467e-02
1514 2.621467e-03 -7.397293e-02 -7.135146e-02
1515 2.609499e-03 -7.396744e-02 -7.135794e-02
1516 2.598759e-03 -7.396256e-02 -7.136380e-02
1517 2.589751e-03 -7.395848e-02 -7.136873e-02
1518 2.582887e-03 -7.395539e-02 -7.137251e-02
1519 2.578467e-03 -7.395342e-02 -7.137495e-02
1520 2.576661e-03 -7.395265e-02 -7.137598e-02
1521 2.577502e-03 -7.395308e-02 -7.137558e-02
1522 2.580880e-03 -7.395469e-02 -7.137381e-02
1523 2.586545e-03 -7.395735e-02 -7.137080e-02
1524 2.594130e-03 -7.396090e-02 -7.136677e-02
1525 2.603162e-03 -7.396512e-02 -7.136196e-02
1526 2.613102e-03 -7.396976e-02 -7.135666e-02
1527 2.623378e-03 -7.397454e-02 -7.135117e-02
1528 2.633431e-03 -7.397920e-02 -7.134577e-02
1529 2.642750e-03 -7.398348e-02 -7.134073e-02
1530 2.650916e-03 -7.398719e-02 -7.133627e-02
1531 2.657622e-03 -7.399016e-02 -7.133254e-02
1532 2.662694e-03 -7.399234e-02 -7.132965e-02
1533 2.666093e-03 -7.399372e-02 -7.132762e-02
1534 2.667904e-03 -7.399434e-02 -7.132644e-02
1535 2.668315e-03 -7.399432e-02 -7.132601e-02
1536 2.667589e-03 -7.399381e-02 -7.132622e-02
1537 2.666033e-03 -7.399297e-02 -7.132693e-02
1538 2.663965e-03 -7.399195e-02 -7.132798e-02
1539 2.661683e-03 -7.399091e-02 -7.132922e-02
1540 2.659448e-03 -7.398997e-02 -7.133052e-02
1541 2.657461e-03 -7.398922e-02 -7.133176e-02
1542 2.655858e-03 -7.398871e-02 -7.133285e-02
1543 2.654699e-03 -7.398847e-02 -7.133377e-02
1544 2.653974e-03 -7.398846e-02 -7.133449e-02
1545 2.653607e-03 -7.398864e-02 -7.133504e-02
1546 2.653463e-03 -7.398894e-02 -7.133548e-02
1547 2.653367e-03 -7.398926e-02 -7.133589e-02
1548 2.653118e-03 -7.398950e-02 -7.133638e-02
1549 2.652512e-03 -7.398957e-02 -7.133706e-02
1550 2.651357e-03 -7.398937e-02 -7.133802e-02
1551 2.649497e-03 -7.398886e-02 -7.133936e-02
1552 2.646819e-03 -7.398798e-02 -7.134116e-02
1553 2.643264e-03 -7.398672e-02 -7.134346e-02
1554 2.638830e-03 -7.398512e-02 -7.134629e-02
1555 2.633570e-03 -7.398319e-02 -7.134962e-02
1556 2.627581e-03 -7.398102e-02 -7.135344e-02
1557 2.620998e-03 -7.397866e-02 -7.135766e-02
1558 2.613977e-03 -7.397619e-02 -7.136221e-02
1559 2.606682e-03 -7.397369e-02 -7.136700e-02
1560 2.599272e-03 -7.397120e-02 -7.137193e-02
1561 2.591889e-03 -7.396879e-02 -7.137690e-02
1562 2.584651e-03 -7.396648e-02 -7.138183e-02
1563 2.577652e-03 -7.396427e-02 -7.138661e-02
1564 2.570963e-03 -7.396215e-02 -7.139119e-02
1565 2.564641e-03 -7.396012e-02 -7.139548e-02
1566 2.558740e-03 -7.395815e-02 -7.139941e-02
1567 2.553328e-03 -7.395624e-02 -7.140291e-02
1568 2.548495e-03 -7.395439e-02 -7.140590e-02
1569 2.544362e-03 -7.395266e-02 -7.140830e-02
1570 2.541084e-03 -7.395109e-02 -7.141001e-02
1571 2.538843e-03 -7.394979e-02 -7.141094e-02
1572 2.537835e-03 -7.394884e-02 -7.141101e-02
1573 2.538250e-03 -7.394837e-02 -7.141012e-02
1574 2.540250e-03 -7.394848e-02 -7.140823e-02
1575 2.543940e-03 -7.394924e-02 -7.140530e-02
1576 2.549344e-03 -7.395069e-02 -7.140134e-02
1577 2.556387e-03 -7.395282e-02 -7.139643e-02
1578 2.564886e-03 -7.395556e-02 -7.139068e-02
1579 2.574551e-03 -7.395879e-02 -7.138423e-02
1580 2.585003e-03 -7.396230e-02 -7.137730e-02
1581 2.595804e-03 -7.396590e-02 -7.137010e-02
1582 2.606498e-03 -7.396936e-02 -7.136286e-02
1583 2.616654e-03 -7.397246e-02 -7.135580e-02
1584 2.625907e-03 -7.397504e-02 -7.134913e-02
1585 2.633993e-03 -7.397699e-02 -7.134300e-02
1586 2.640765e-03 -7.397827e-02 -7.133750e-02
1587 2.646203e-03 -7.397891e-02 -7.133270e-02
1588 2.650400e-03 -7.397900e-02 -7.132860e-02
1589 2.653540e-03 -7.397870e-02 -7.132516e-02
1590 2.655861e-03 -7.397818e-02 -7.132232e-02
1591 2.657620e-03 -7.397761e-02 -7.131999e-02
1592 2.659053e-03 -7.397716e-02 -7.131811e-02
1593 2.660350e-03 -7.397694e-02 -7.131659e-02
1594 2.661631e-03 -7.397704e-02 -7.131541e-02
1595 2.662939e-03 -7.397747e-02 -7.131453e-02
1596 2.664246e-03 -7.397819e-02 -7.131394e-02
1597 2.665469e-03 -7.397914e-02 -7.131367e-02
1598 2.666494e-03 -7.398022e-02 -7.131373e-02
1599 2.667200e-03 -7.398133e-02 -7.131413e-02
1600 2.667494e-03 -7.398238e-02 -7.131488e-02
1601 2.667321e-03 -7.398328e-02 -7.131596e-02
1602 2.666682e-03 -7.398402e-02 -7.131734e-02
1603 2.665634e-03 -7.398457e-02 -7.131894e-02
1604 2.664275e-03 -7.398496e-02 -7.132069e-02
1605 2.662734e-03 -7.398524e-02 -7.132250e-02
1606 2.661145e-03 -7.398543e-02 -7.132429e-02
1607 2.659631e-03 -7.398560e-02 -7.132596e-02
1608 2.658287e-03 -7.398576e-02 -7.132747e-02
1609 2.657167e-03 -7.398593e-02 -7.132877e-02
1610 2.656284e-03 -7.398611e-02 -7.132983e-02
1611 2.655609e-03 -7.398628e-02 -7.133067e-02
1612 2.655077e-03 -7.398639e-02 -7.133131e-02
1613 2.654600e-03 -7.398641e-02 -7.133181e-02
1614 2.654078e-03 -7.398630e-02 -7.133222e-02
1615 2.653412e-03 -7.398601e-02 -7.133260e-02
1616 2.652519e-03 -7.398554e-02 -7.133302e-02
1617 2.651338e-03 -7.398486e-02 -7.133352e-02
1618 2.649840e-03 -7.398398e-02 -7.133414e-02
1619 2.648027e-03 -7.398292e-02 -7.133489e-02
1620 2.645936e-03 -7.398171e-02 -7.133577e-02
1621 2.643632e-03 -7.398040e-02 -7.133677e-02
1622 2.641203e-03 -7.397904e-02 -7.133784e-02
1623 2.638755e-03 -7.397770e-02 -7.133895e-02
1624 2.636400e-03 -7.397644e-02 -7.134004e-02
1625 2.634241e-03 -7.397530e-02 -7.134106e-02
1626 2.632365e-03 -7.397434e-02 -7.134197e-02
1627 2.630823e-03 -7.397357e-02 -7.134275e-02
1628 2.629624e-03 -7.397300e-02 -7.134337e-02
1629 2.628734e-03 -7.397259e-02 -7.134385e-02
1630 2.628079e-03 -7.397230e-02 -7.134422e-02
1631 2.627559e-03 -7.397206e-02 -7.134450e-02
1632 2.627060e-03 -7.397182e-02 -7.134476e-02
1633 2.626477e-03 -7.397151e-02 -7.134503e-02
1634 2.625723e-03 -7.397109e-02 -7.134536e-02
1635 2.624738e-03 -7.397054e-02 -7.134580e-02
1636 2.623491e-03 -7.396987e-02 -7.134638e-02
1637 2.621975e-03 -7.396909e-02 -7.134711e-02
1638 2.620195e-03 -7.396822e-02 -7.134802e-02
1639 2.618156e-03 -7.396728e-02 -7.134913e-02
1640 2.615856e-03 -7.396631e-02 -7.135045e-02
1641 2.613272e-03 -7.396528e-02 -7.135201e-02
1642 2.610361e-03 -7.396418e-02 -7.135382e-02
1643 2.607062e-03 -7.396298e-02 -7.135592e-02
1644 2.603305e-03 -7.396164e-02 -7.135834e-02
1645 2.599026e-03 -7.396010e-02 -7.136107e-02
1646 2.594181e-03 -7.395832e-02 -7.136414e-02
1647 2.588765e-03 -7.395628e-02 -7.136752e-02
1648 2.582817e-03 -7.395398e-02 -7.137116e-02
1649 2.576428e-03 -7.395144e-02 -7.137501e-02
1650 2.569735e-03 -7.394871e-02 -7.137898e-02
1651 2.562910e-03 -7.394587e-02 -7.138296e-02
1652 2.556145e-03 -7.394298e-02 -7.138684e-02
1653 2.549639e-03 -7.394014e-02 -7.139050e-02
1654 2.543581e-03 -7.393742e-02 -7.139384e-02
1655 2.538135e-03 -7.393489e-02 -7.139675e-02
1656 2.533436e-03 -7.393259e-02 -7.139916e-02
1657 2.529579e-03 -7.393058e-02 -7.140100e-02
1658 2.526616e-03 -7.392887e-02 -7.140225e-02
1659 2.524556e-03 -7.392747e-02 -7.140292e-02
1660 2.523367e-03 -7.392639e-02 -7.140303e-02
1661 2.522977e-03 -7.392561e-02 -7.140264e-02
1662 2.523280e-03 -7.392511e-02 -7.140183e-02
1663 2.524146e-03 -7.392484e-02 -7.140070e-02
1664 2.525437e-03 -7.392478e-02 -7.139934e-02
1665 2.527019e-03 -7.392488e-02 -7.139786e-02
1666 2.528779e-03 -7.392511e-02 -7.139633e-02
1667 2.530649e-03 -7.392546e-02 -7.139481e-02
1668 2.532619e-03 -7.392595e-02 -7.139333e-02
1669 2.534752e-03 -7.392662e-02 -7.139187e-02
1670 2.537187e-03 -7.392755e-02 -7.139036e-02
1671 2.540132e-03 -7.392886e-02 -7.138873e-02
1672 2.543851e-03 -7.393070e-02 -7.138685e-02
1673 2.548630e-03 -7.393321e-02 -7.138458e-02
1674 2.554743e-03 -7.393653e-02 -7.138179e-02
1675 2.562412e-03 -7.394076e-02 -7.137834e-02
1676 2.571776e-03 -7.394593e-02 -7.137415e-02
1677 2.582862e-03 -7.395203e-02 -7.136916e-02
1678 2.595582e-03 -7.395895e-02 -7.136337e-02
1679 2.609740e-03 -7.396655e-02 -7.135681e-02
1680 2.625050e-03 -7.397463e-02 -7.134958e-02
1681 2.641168e-03 -7.398295e-02 -7.134178e-02
1682 2.657721e-03 -7.399130e-02 -7.133358e-02
1683 2.674335e-03 -7.399946e-02 -7.132513e-02
1684 2.690656e-03 -7.400726e-02 -7.131661e-02
1685 2.706354e-03 -7.401455e-02 -7.130820e-02
1686 2.721126e-03 -7.402120e-02 -7.130008e-02
1687 2.734687e-03 -7.402712e-02 -7.129244e-02
1688 2.746759e-03 -7.403221e-02 -7.128545e-02
1689 2.757064e-03 -7.403638e-02 -7.127932e-02
1690 2.765319e-03 -7.403953e-02 -7.127421e-02
1691 2.771246e-03 -7.404156e-02 -7.127031e-02
1692 2.774587e-03 -7.404234e-02 -7.126775e-02
1693 2.775129e-03 -7.404180e-02 -7.126667e-02
1694 2.772738e-03 -7.403987e-02 -7.126713e-02
1695 2.767385e-03 -7.403653e-02 -7.126915e-02
1696 2.759177e-03 -7.403185e-02 -7.127267e-02
1697 2.748367e-03 -7.402595e-02 -7.127758e-02
1698 2.735356e-03 -7.401905e-02 -7.128369e-02
1699 2.720672e-03 -7.401141e-02 -7.129074e-02
1700 2.704943e-03 -7.400337e-02 -7.129843e-02
1701 2.688847e-03 -7.399527e-02 -7.130642e-02
1702 2.673064e-03 -7.398745e-02 -7.131438e-02
1703 2.658230e-03 -7.398022e-02 -7.132199e-02
1704 2.644890e-03 -7.397383e-02 -7.132894e-02
1705 2.633470e-03 -7.396848e-02 -7.133501e-02
1706 2.624256e-03 -7.396426e-02 -7.134001e-02
1707 2.617392e-03 -7.396122e-02 -7.134383e-02
1708 2.612886e-03 -7.395930e-02 -7.134642e-02
1709 2.610629e-03 -7.395842e-02 -7.134779e-02
1710 2.610424e-03 -7.395845e-02 -7.134803e-02
1711 2.612011e-03 -7.395923e-02 -7.134722e-02
1712 2.615101e-03 -7.396061e-02 -7.134551e-02
1713 2.619402e-03 -7.396243e-02 -7.134303e-02
1714 2.624640e-03 -7.396458e-02 -7.133994e-02
1715 2.630571e-03 -7.396695e-02 -7.133638e-02
1716 2.636990e-03 -7.396947e-02 -7.133248e-02
1717 2.643721e-03 -7.397209e-02 -7.132837e-02
1718 2.650605e-03 -7.397475e-02 -7.132414e-02
1719 2.657495e-03 -7.397741e-02 -7.131991e-02
1720 2.664239e-03 -7.398001e-02 -7.131577e-02
1721 2.670682e-03 -7.398249e-02 -7.131181e-02
1722 2.676669e-03 -7.398479e-02 -7.130812e-02
1723 2.682061e-03 -7.398682e-02 -7.130476e-02
1724 2.686742e-03 -7.398856e-02 -7.130182e-02
1725 2.690638e-03 -7.398998e-02 -7.129934e-02
1726 2.693715e-03 -7.399109e-02 -7.129737e-02
1727 2.695976e-03 -7.399191e-02 -7.129593e-02
1728 2.697447e-03 -7.399250e-02 -7.129505e-02
1729 2.698162e-03 -7.399288e-02 -7.129472e-02
1730 2.698154e-03 -7.399310e-02 -7.129494e-02
1731 2.697450e-03 -7.399317e-02 -7.129572e-02
1732 2.696074e-03 -7.399310e-02 -7.129703e-02
1733 2.694059e-03 -7.399291e-02 -7.129885e-02
1734 2.691447e-03 -7.399261e-02 -7.130116e-02
1735 2.688293e-03 -7.399222e-02 -7.130393e-02
1736 2.684655e-03 -7.399177e-02 -7.130711e-02
1737 2.680587e-03 -7.399127e-02 -7.131068e-02
1738 2.676120e-03 -7.399073e-02 -7.131461e-02
1739 2.671252e-03 -7.399014e-02 -7.131889e-02
1740 2.665946e-03 -7.398946e-02 -7.132352e-02
1741 2.660126e-03 -7.398863e-02 -7.132850e-02
1742 2.653690e-03 -7.398756e-02 -7.133387e-02
1743 2.646525e-03 -7.398616e-02 -7.133963e-02
1744 2.638526e-03 -7.398432e-02 -7.134580e-02
1745 2.629622e-03 -7.398197e-02 -7.135235e-02
1746 2.619795e-03 -7.397905e-02 -7.135925e-02
1747 2.609100e-03 -7.397552e-02 -7.136642e-02
1748 2.597683e-03 -7.397143e-02 -7.137374e-02
1749 2.585778e-03 -7.396684e-02 -7.138106e-02
1750 2.573711e-03 -7.396190e-02 -7.138818e-02
1751 2.561880e-03 -7.395677e-02 -7.139489e-02
1752 2.550730e-03 -7.395169e-02 -7.140096e-02
1753 2.540718e-03 -7.394687e-02 -7.140615e-02
1754 2.532268e-03 -7.394253e-02 -7.141026e-02
1755 2.525737e-03 -7.393885e-02 -7.141311e-02
1756 2.521373e-03 -7.393596e-02 -7.141459e-02
1757 2.519302e-03 -7.393393e-02 -7.141463e-02
1758 2.519517e-03 -7.393275e-02 -7.141324e-02
1759 2.521894e-03 -7.393238e-02 -7.141048e-02
1760 2.526211e-03 -7.393271e-02 -7.140650e-02
1761 2.532183e-03 -7.393363e-02 -7.140145e-02
1762 2.539493e-03 -7.393504e-02 -7.139555e-02
1763 2.547812e-03 -7.393684e-02 -7.138903e-02
1764 2.556823e-03 -7.393895e-02 -7.138213e-02
1765 2.566221e-03 -7.394132e-02 -7.137510e-02
1766 2.575718e-03 -7.394390e-02 -7.136818e-02
1767 2.585038e-03 -7.394664e-02 -7.136161e-02
1768 2.593912e-03 -7.394951e-02 -7.135559e-02
1769 2.602085e-03 -7.395242e-02 -7.135034e-02
1770 2.609320e-03 -7.395532e-02 -7.134600e-02
1771 2.615413e-03 -7.395813e-02 -7.134272e-02
1772 2.620206e-03 -7.396078e-02 -7.134057e-02
1773 2.623604e-03 -7.396320e-02 -7.133960e-02
1774 2.625582e-03 -7.396537e-02 -7.133979e-02
1775 2.626190e-03 -7.396726e-02 -7.134107e-02
1776 2.625553e-03 -7.396887e-02 -7.134332e-02
1777 2.623862e-03 -7.397022e-02 -7.134636e-02
1778 2.621367e-03 -7.397136e-02 -7.134999e-02
1779 2.618365e-03 -7.397233e-02 -7.135397e-02
1780 2.615190e-03 -7.397321e-02 -7.135802e-02
1781 2.612200e-03 -7.397408e-02 -7.136188e-02
1782 2.609763e-03 -7.397502e-02 -7.136526e-02
1783 2.608242e-03 -7.397614e-02 -7.136790e-02
1784 2.607974e-03 -7.397753e-02 -7.136956e-02
1785 2.609254e-03 -7.397928e-02 -7.137002e-02
1786 2.612314e-03 -7.398145e-02 -7.136913e-02
1787 2.617299e-03 -7.398409e-02 -7.136680e-02
1788 2.624262e-03 -7.398722e-02 -7.136296e-02
1789 2.633146e-03 -7.399080e-02 -7.135765e-02
1790 2.643792e-03 -7.399476e-02 -7.135096e-02
1791 2.655946e-03 -7.399898e-02 -7.134304e-02
1792 2.669269e-03 -7.400334e-02 -7.133408e-02
1793 2.683365e-03 -7.400768e-02 -7.132432e-02
1794 2.697798e-03 -7.401184e-02 -7.131404e-02
1795 2.712121e-03 -7.401565e-02 -7.130353e-02
1796 2.725895e-03 -7.401899e-02 -7.129309e-02
1797 2.738709e-03 -7.402172e-02 -7.128302e-02
1798 2.750190e-03 -7.402377e-02 -7.127358e-02
1799 2.760016e-03 -7.402506e-02 -7.126504e-02
1800 2.767917e-03 -7.402555e-02 -7.125763e-02
1801 2.773681e-03 -7.402524e-02 -7.125156e-02
1802 2.777146e-03 -7.402412e-02 -7.124697e-02
1803 2.778204e-03 -7.402222e-02 -7.124402e-02
1804 2.776797e-03 -7.401958e-02 -7.124278e-02
1805 2.772907e-03 -7.401622e-02 -7.124331e-02
1806 2.766554e-03 -7.401220e-02 -7.124564e-02
1807 2.757791e-03 -7.400754e-02 -7.124975e-02
1808 2.746692e-03 -7.400227e-02 -7.125558e-02
1809 2.733359e-03 -7.399641e-02 -7.126306e-02
1810 2.717923e-03 -7.398997e-02 -7.127205e-02
1811 2.700560e-03 -7.398297e-02 -7.128241e-02
1812 2.681502e-03 -7.397543e-02 -7.129393e-02
1813 2.661061e-03 -7.396742e-02 -7.130636e-02
1814 2.639639e-03 -7.395905e-02 -7.131942e-02
1815 2.617737e-03 -7.395051e-02 -7.133277e-02
1816 2.595944e-03 -7.394201e-02 -7.134607e-02
1817 2.574913e-03 -7.393384e-02 -7.135893e-02
1818 2.555321e-03 -7.392630e-02 -7.137098e-02
1819 2.537810e-03 -7.391967e-02 -7.138186e-02
1820 2.522931e-03 -7.391420e-02 -7.139127e-02
1821 2.511101e-03 -7.391006e-02 -7.139896e-02
1822 2.502570e-03 -7.390732e-02 -7.140475e-02
1823 2.497423e-03 -7.390597e-02 -7.140855e-02
1824 2.495604e-03 -7.390593e-02 -7.141033e-02
1825 2.496959e-03 -7.390707e-02 -7.141011e-02
1826 2.501274e-03 -7.390927e-02 -7.140800e-02
1827 2.508308e-03 -7.391243e-02 -7.140412e-02
1828 2.517806e-03 -7.391645e-02 -7.139865e-02
1829 2.529497e-03 -7.392129e-02 -7.139179e-02
1830 2.543074e-03 -7.392687e-02 -7.138380e-02
1831 2.558182e-03 -7.393313e-02 -7.137495e-02
1832 2.574395e-03 -7.393996e-02 -7.136556e-02
1833 2.591208e-03 -7.394721e-02 -7.135600e-02
1834 2.608044e-03 -7.395467e-02 -7.134663e-02
1835 2.624264e-03 -7.396211e-02 -7.133785e-02
1836 2.639192e-03 -7.396925e-02 -7.133006e-02
1837 2.652149e-03 -7.397579e-02 -7.132364e-02
1838 2.662490e-03 -7.398141e-02 -7.131892e-02
1839 2.669648e-03 -7.398582e-02 -7.131617e-02
1840 2.673171e-03 -7.398878e-02 -7.131561e-02
1841 2.672768e-03 -7.399010e-02 -7.131733e-02
1842 2.668339e-03 -7.398966e-02 -7.132132e-02
1843 2.659995e-03 -7.398745e-02 -7.132745e-02
1844 2.648078e-03 -7.398357e-02 -7.133549e-02
1845 2.633146e-03 -7.397822e-02 -7.134507e-02
1846 2.615961e-03 -7.397170e-02 -7.135574e-02
1847 2.597445e-03 -7.396442e-02 -7.136698e-02
1848 2.578638e-03 -7.395682e-02 -7.137819e-02
1849 2.560630e-03 -7.394940e-02 -7.138877e-02
1850 2.544503e-03 -7.394265e-02 -7.139814e-02
1851 2.531263e-03 -7.393703e-02 -7.140576e-02
1852 2.521779e-03 -7.393295e-02 -7.141117e-02
1853 2.516734e-03 -7.393073e-02 -7.141399e-02
1854 2.516577e-03 -7.393058e-02 -7.141400e-02
1855 2.521503e-03 -7.393261e-02 -7.141111e-02
1856 2.531440e-03 -7.393679e-02 -7.140535e-02
1857 2.546056e-03 -7.394297e-02 -7.139691e-02
1858 2.564791e-03 -7.395089e-02 -7.138610e-02
1859 2.586889e-03 -7.396022e-02 -7.137333e-02
1860 2.611457e-03 -7.397056e-02 -7.135910e-02
1861 2.637517e-03 -7.398148e-02 -7.134396e-02
1862 2.664060e-03 -7.399255e-02 -7.132849e-02
1863 2.690104e-03 -7.400337e-02 -7.131326e-02
1864 2.714728e-03 -7.401355e-02 -7.129882e-02
1865 2.737111e-03 -7.402276e-02 -7.128565e-02
1866 2.756560e-03 -7.403074e-02 -7.127418e-02
1867 2.772519e-03 -7.403728e-02 -7.126476e-02
1868 2.784592e-03 -7.404222e-02 -7.125763e-02
1869 2.792542e-03 -7.404549e-02 -7.125295e-02
1870 2.796298e-03 -7.404706e-02 -7.125076e-02
1871 2.795951e-03 -7.404698e-02 -7.125103e-02
1872 2.791743e-03 -7.404535e-02 -7.125361e-02
1873 2.784054e-03 -7.404232e-02 -7.125827e-02
1874 2.773380e-03 -7.403809e-02 -7.126471e-02
1875 2.760310e-03 -7.403288e-02 -7.127257e-02
1876 2.745496e-03 -7.402695e-02 -7.128146e-02
1877 2.729624e-03 -7.402057e-02 -7.129095e-02
1878 2.713388e-03 -7.401401e-02 -7.130062e-02
1879 2.697455e-03 -7.400751e-02 -7.131006e-02
1880 2.682446e-03 -7.400133e-02 -7.131888e-02
1881 2.668901e-03 -7.399566e-02 -7.132676e-02
1882 2.657261e-03 -7.399070e-02 -7.133344e-02
1883 2.647847e-03 -7.398655e-02 -7.133871e-02
1884 2.640843e-03 -7.398331e-02 -7.134247e-02
1885 2.636288e-03 -7.398099e-02 -7.134471e-02
1886 2.634077e-03 -7.397956e-02 -7.134548e-02
1887 2.633968e-03 -7.397890e-02 -7.134493e-02
1888 2.635604e-03 -7.397889e-02 -7.134329e-02
1889 2.638533e-03 -7.397934e-02 -7.134081e-02
1890 2.642241e-03 -7.398004e-02 -7.133780e-02
1891 2.646191e-03 -7.398079e-02 -7.133460e-02
1892 2.649850e-03 -7.398138e-02 -7.133153e-02
1893 2.652722e-03 -7.398162e-02 -7.132890e-02
1894 2.654377e-03 -7.398136e-02 -7.132698e-02
1895 2.654470e-03 -7.398047e-02 -7.132600e-02
1896 2.652754e-03 -7.397887e-02 -7.132612e-02
1897 2.649094e-03 -7.397652e-02 -7.132743e-02
1898 2.643470e-03 -7.397343e-02 -7.132996e-02
1899 2.635977e-03 -7.396964e-02 -7.133366e-02
1900 2.626827e-03 -7.396524e-02 -7.133841e-02
1901 2.616338e-03 -7.396036e-02 -7.134402e-02
1902 2.604925e-03 -7.395517e-02 -7.135024e-02
1903 2.593082e-03 -7.394988e-02 -7.135679e-02
1904 2.581354e-03 -7.394471e-02 -7.136336e-02
1905 2.570307e-03 -7.393992e-02 -7.136962e-02
1906 2.560489e-03 -7.393574e-02 -7.137526e-02
1907 2.552393e-03 -7.393239e-02 -7.137999e-02
1908 2.546418e-03 -7.393002e-02 -7.138360e-02
1909 2.542843e-03 -7.392876e-02 -7.138592e-02
1910 2.541804e-03 -7.392866e-02 -7.138685e-02
1911 2.543292e-03 -7.392969e-02 -7.138640e-02
1912 2.547155e-03 -7.393178e-02 -7.138462e-02
1913 2.553121e-03 -7.393478e-02 -7.138166e-02
1914 2.560815e-03 -7.393852e-02 -7.137770e-02
1915 2.569794e-03 -7.394279e-02 -7.137300e-02
1916 2.579574e-03 -7.394738e-02 -7.136780e-02
1917 2.589661e-03 -7.395205e-02 -7.136239e-02
1918 2.599575e-03 -7.395661e-02 -7.135704e-02
1919 2.608874e-03 -7.396086e-02 -7.135199e-02
1920 2.617174e-03 -7.396463e-02 -7.134745e-02
1921 2.624162e-03 -7.396777e-02 -7.134361e-02
1922 2.629612e-03 -7.397020e-02 -7.134059e-02
1923 2.633392e-03 -7.397185e-02 -7.133846e-02
1924 2.635468e-03 -7.397270e-02 -7.133724e-02
1925 2.635907e-03 -7.397280e-02 -7.133690e-02
1926 2.634867e-03 -7.397222e-02 -7.133736e-02
1927 2.632593e-03 -7.397109e-02 -7.133849e-02
1928 2.629393e-03 -7.396955e-02 -7.134016e-02
1929 2.625626e-03 -7.396779e-02 -7.134216e-02
1930 2.621671e-03 -7.396600e-02 -7.134433e-02
1931 2.617908e-03 -7.396438e-02 -7.134648e-02
1932 2.614683e-03 -7.396311e-02 -7.134843e-02
1933 2.612290e-03 -7.396234e-02 -7.135005e-02
1934 2.610940e-03 -7.396217e-02 -7.135123e-02
1935 2.610749e-03 -7.396266e-02 -7.135191e-02
1936 2.611719e-03 -7.396379e-02 -7.135207e-02
1937 2.613742e-03 -7.396548e-02 -7.135174e-02
1938 2.616608e-03 -7.396759e-02 -7.135099e-02
1939 2.620025e-03 -7.396993e-02 -7.134991e-02
1940 2.623653e-03 -7.397228e-02 -7.134863e-02
1941 2.627144e-03 -7.397440e-02 -7.134726e-02
1942 2.630177e-03 -7.397608e-02 -7.134591e-02
1943 2.632499e-03 -7.397717e-02 -7.134467e-02
1944 2.633948e-03 -7.397755e-02 -7.134360e-02
1945 2.634468e-03 -7.397720e-02 -7.134273e-02
1946 2.634112e-03 -7.397614e-02 -7.134203e-02
1947 2.633030e-03 -7.397449e-02 -7.134146e-02
1948 2.631445e-03 -7.397240e-02 -7.134096e-02
1949 2.629627e-03 -7.397006e-02 -7.134043e-02
1950 2.627863e-03 -7.396768e-02 -7.133982e-02
1951 2.626423e-03 -7.396547e-02 -7.133904e-02
1952 2.625533e-03 -7.396360e-02 -7.133807e-02
1953 2.625353e-03 -7.396224e-02 -7.133689e-02
1954 2.625961e-03 -7.396148e-02 -7.133552e-02
1955 2.627341e-03 -7.396137e-02 -7.133403e-02
1956 2.629383e-03 -7.396191e-02 -7.133253e-02
1957 2.631889e-03 -7.396302e-02 -7.133113e-02
1958 2.634589e-03 -7.396459e-02 -7.133000e-02
1959 2.637159e-03 -7.396646e-02 -7.132930e-02
1960 2.639251e-03 -7.396843e-02 -7.132918e-02
1961 2.640524e-03 -7.397031e-02 -7.132979e-02
1962 2.640685e-03 -7.397190e-02 -7.133121e-02
1963 2.639524e-03 -7.397303e-02 -7.133351e-02
1964 2.636948e-03 -7.397361e-02 -7.133666e-02
1965 2.633009e-03 -7.397359e-02 -7.134058e-02
1966 2.627914e-03 -7.397300e-02 -7.134509e-02
1967 2.622023e-03 -7.397198e-02 -7.134995e-02
1968 2.615827e-03 -7.397071e-02 -7.135488e-02
1969 2.609905e-03 -7.396945e-02 -7.135954e-02
1970 2.604874e-03 -7.396845e-02 -7.136358e-02
1971 2.601331e-03 -7.396799e-02 -7.136666e-02
1972 2.599786e-03 -7.396828e-02 -7.136849e-02
1973 2.600617e-03 -7.396947e-02 -7.136885e-02
1974 2.604024e-03 -7.397161e-02 -7.136759e-02
1975 2.610017e-03 -7.397468e-02 -7.136467e-02
1976 2.618415e-03 -7.397854e-02 -7.136012e-02
1977 2.628871e-03 -7.398297e-02 -7.135410e-02
1978 2.640910e-03 -7.398771e-02 -7.134680e-02
1979 2.653979e-03 -7.399248e-02 -7.133850e-02
1980 2.667496e-03 -7.399699e-02 -7.132949e-02
1981 2.680895e-03 -7.400100e-02 -7.132010e-02
1982 2.693665e-03 -7.400432e-02 -7.131065e-02
1983 2.705374e-03 -7.400680e-02 -7.130143e-02
1984 2.715682e-03 -7.400840e-02 -7.129272e-02
1985 2.724341e-03 -7.400908e-02 -7.128474e-02
1986 2.731189e-03 -7.400890e-02 -7.127771e-02
1987 2.736134e-03 -7.400791e-02 -7.127178e-02
1988 2.739140e-03 -7.400623e-02 -7.126709e-02
1989 2.740204e-03 -7.400394e-02 -7.126373e-02
1990 2.739348e-03 -7.400114e-02 -7.126179e-02
1991 2.736600e-03 -7.399792e-02 -7.126132e-02
1992 2.731988e-03 -7.399434e-02 -7.126235e-02
1993 2.725544e-03 -7.399044e-02 -7.126490e-02
1994 2.717299e-03 -7.398625e-02 -7.126895e-02
1995 2.707300e-03 -7.398177e-02 -7.127447e-02
1996 2.695617e-03 -7.397701e-02 -7.128140e-02
1997 2.682358e-03 -7.397200e-02 -7.128965e-02
1998 2.667677e-03 -7.396677e-02 -7.129909e-02
1999 2.651786e-03 -7.396136e-02 -7.130957e-02
2000 2.634947e-03 -7.395584e-02 -7.132089e-02
2001 2.617471e-03 -7.395031e-02 -7.133284e-02
2002 2.599703e-03 -7.394485e-02 -7.134515e-02
2003 2.582005e-03 -7.393957e-02 -7.135756e-02
2004 2.564746e-03 -7.393454e-02 -7.136980e-02
2005 2.548290e-03 -7.392984e-02 -7.138155e-02
2006 2.532991e-03 -7.392554e-02 -7.139255e-02
2007 2.519190e-03 -7.392168e-02 -7.140249e-02
2008 2.507222e-03 -7.391831e-02 -7.141109e-02
2009 2.497412e-03 -7.391551e-02 -7.141810e-02
2010 2.490081e-03 -7.391334e-02 -7.142326e-02
2011 2.485535e-03 -7.391189e-02 -7.142636e-02
2012 2.484061e-03 -7.391128e-02 -7.142722e-02
2013 2.485910e-03 -7.391162e-02 -7.142571e-02
2014 2.491275e-03 -7.391304e-02 -7.142176e-02
2015 2.500274e-03 -7.391565e-02 -7.141537e-02
2016 2.512918e-03 -7.391955e-02 -7.140663e-02
2017 2.529090e-03 -7.392479e-02 -7.139570e-02
2018 2.548516e-03 -7.393137e-02 -7.138285e-02
2019 2.570756e-03 -7.393922e-02 -7.136846e-02
2020 2.595194e-03 -7.394816e-02 -7.135297e-02
2021 2.621053e-03 -7.395796e-02 -7.133691e-02
2022 2.647422e-03 -7.396828e-02 -7.132085e-02
2023 2.673304e-03 -7.397873e-02 -7.130542e-02
2024 2.697674e-03 -7.398888e-02 -7.129121e-02
2025 2.719545e-03 -7.399834e-02 -7.127879e-02
2026 2.738034e-03 -7.400669e-02 -7.126866e-02
2027 2.752419e-03 -7.401363e-02 -7.126121e-02
2028 2.762184e-03 -7.401891e-02 -7.125672e-02
2029 2.767049e-03 -7.402239e-02 -7.125534e-02
2030 2.766978e-03 -7.402404e-02 -7.125706e-02
2031 2.762177e-03 -7.402391e-02 -7.126173e-02
2032 2.753074e-03 -7.402217e-02 -7.126909e-02
2033 2.740287e-03 -7.401904e-02 -7.127875e-02
2034 2.724591e-03 -7.401480e-02 -7.129021e-02
2035 2.706865e-03 -7.400978e-02 -7.130291e-02
2036 2.688051e-03 -7.400432e-02 -7.131627e-02
2037 2.669099e-03 -7.399876e-02 -7.132966e-02
2038 2.650922e-03 -7.399342e-02 -7.134250e-02
2039 2.634346e-03 -7.398859e-02 -7.135424e-02
2040 2.620074e-03 -7.398447e-02 -7.136440e-02
2041 2.608650e-03 -7.398125e-02 -7.137260e-02
2042 2.600444e-03 -7.397899e-02 -7.137855e-02
2043 2.595634e-03 -7.397773e-02 -7.138210e-02
2044 2.594214e-03 -7.397740e-02 -7.138319e-02
2045 2.596004e-03 -7.397791e-02 -7.138191e-02
2046 2.600675e-03 -7.397911e-02 -7.137843e-02
2047 2.607772e-03 -7.398081e-02 -7.137303e-02
2048 2.616754e-03 -7.398283e-02 -7.136608e-02
2049 2.627020e-03 -7.398499e-02 -7.135797e-02
2050 2.637937e-03 -7.398712e-02 -7.134918e-02
2051 2.648868e-03 -7.398906e-02 -7.134019e-02
