0 -7.722743e+01 -7.722743e+01 -7.722743e+01
1 -7.722743e+01 -7.722743e+01 7.722743e+01
2 -7.722743e+01 -7.722743e+01 -7.722743e+01
3 -7.722743e+01 -7.722743e+01 -7.722743e+01
4 -7.722743e+01 -7.722743e+01 7.722743e+01
5 -7.722743e+01 7.722743e+01 -7.722743e+01
6 -7.722743e+01 7.722743e+01 7.722743e+01
7 -7.722743e+01 7.722743e+01 -7.722743e+01
8 -7.722743e+01 7.722743e+01 -7.722743e+01
9 -7.722743e+01 7.722743e+01 7.722743e+01
10 -7.722743e+01 -7.722743e+01 -7.722743e+01
11 -7.722743e+01 -7.722743e+01 7.722743e+01
12 -7.722743e+01 -7.722743e+01 -7.722743e+01
13 -7.722743e+01 -7.722743e+01 -7.722743e+01
14 -7.722743e+01 -7.722743e+01 7.722743e+01
15 -7.722743e+01 -7.722743e+01 -7.722743e+01
16 -7.722743e+01 -7.722743e+01 7.722743e+01
17 -7.722743e+01 -7.722743e+01 -7.722743e+01
18 -7.722743e+01 -7.722743e+01 -7.722743e+01
19 -7.722743e+01 -7.722743e+01 7.722743e+01
20 -7.722743e+01 7.722743e+01 -7.722743e+01
21 -7.722743e+01 7.722743e+01 7.722743e+01
22 -7.722743e+01 7.722743e+01 -7.722743e+01
23 -7.722743e+01 7.722743e+01 -7.722743e+01
24 -7.722743e+01 7.722743e+01 7.722743e+01
25 7.722743e+01 -7.722743e+01 -7.722743e+01
26 7.722743e+01 -7.722743e+01 7.722743e+01
27 7.722743e+01 -7.722743e+01 -7.722743e+01
28 7.722743e+01 -7.722743e+01 -7.722743e+01
29 7.722743e+01 -7.722743e+01 7.722743e+01
30 7.722743e+01 7.722743e+01 -7.722743e+01
31 7.722743e+01 7.722743e+01 7.722743e+01
32 7.722743e+01 7.722743e+01 -7.722743e+01
33 7.722743e+01 7.722743e+01 -7.722743e+01
34 7.722743e+01 7.722743e+01 7.722743e+01
35 7.722743e+01 -7.722743e+01 -7.722743e+01
36 7.722743e+01 -7.722743e+01 7.722743e+01
37 7.722743e+01 -7.722743e+01 -7.722743e+01
38 7.722743e+01 -7.722743e+01 -7.722743e+01
39 7.722743e+01 -7.722743e+01 7.722743e+01
40 7.722743e+01 -7.722743e+01 -7.722743e+01
41 7.722743e+01 -7.722743e+01 7.722743e+01
42 7.722743e+01 -7.722743e+01 -7.722743e+01
43 7.722743e+01 -7.722743e+01 -7.722743e+01
44 7.722743e+01 -7.722743e+01 7.722743e+01
45 7.722743e+01 7.722743e+01 -7.722743e+01
46 7.722743e+01 7.722743e+01 7.722743e+01
47 7.722743e+01 7.722743e+01 -7.722743e+01
48 7.722743e+01 7.722743e+01 -7.722743e+01
49 7.722743e+01 7.722743e+01 7.722743e+01
50 -7.722743e+01 -7.722743e+01 -7.722743e+01
51 -7.722743e+01 -7.722743e+01 7.722743e+01
52 -7.722743e+01 -7.722743e+01 -7.722743e+01
53 -7.722743e+01 -7.722743e+01 -7.722743e+01
54 -7.722743e+01 -7.722743e+01 7.722743e+01
55 -7.722743e+01 7.722743e+01 -7.722743e+01
56 -7.722743e+01 7.722743e+01 7.722743e+01
57 -7.722743e+01 7.722743e+01 -7.722743e+01
58 -7.722743e+01 7.722743e+01 -7.722743e+01
59 -7.722743e+01 7.722743e+01 7.722743e+01
60 -7.722743e+01 -7.722743e+01 -7.722743e+01
61 -7.722743e+01 -7.722743e+01 7.722743e+01
62 -7.722743e+01 -7.722743e+01 -7.722743e+01
63 -7.722743e+01 -7.722743e+01 -7.722743e+01
64 -7.722743e+01 -7.722743e+01 7.722743e+01
65 -7.722743e+01 -7.722743e+01 -7.722743e+01
66 -7.722743e+01 -7.722743e+01 7.722743e+01
67 -7.722743e+01 -7.722743e+01 -7.722743e+01
68 -7.722743e+01 -7.722743e+01 -7.722743e+01
69 -7.722743e+01 -7.722743e+01 7.722743e+01
70 -7.722743e+01 7.722743e+01 -7.722743e+01
71 -7.722743e+01 7.722743e+01 7.722743e+01
72 -7.722743e+01 7.722743e+01 -7.722743e+01
73 -7.722743e+01 7.722743e+01 -7.722743e+01
74 -7.722743e+01 7.722743e+01 7.722743e+01
75 -7.722743e+01 -7.722743e+01 -7.722743e+01
76 -7.722743e+01 -7.722743e+01 7.722743e+01
77 -7.722743e+01 -7.722743e+01 -7.722743e+01
78 -7.722743e+01 -7.722743e+01 -7.722743e+01
79 -7.722743e+01 -7.722743e+01 7.722743e+01
80 -7.722743e+01 7.722743e+01 -7.722743e+01
81 -7.722743e+01 7.722743e+01 7.722743e+01
82 -7.722743e+01 7.722743e+01 -7.722743e+01
83 -7.722743e+01 7.722743e+01 -7.722743e+01
84 -7.722743e+01 7.722743e+01 7.722743e+01
85 -7.722743e+01 -7.722743e+01 -7.722743e+01
86 -7.722743e+01 -7.722743e+01 7.722743e+01
87 -7.722743e+01 -7.722743e+01 -7.722743e+01
88 -7.722743e+01 -7.722743e+01 -7.722743e+01
89 -7.722743e+01 -7.722743e+01 7.722743e+01
90 -7.722743e+01 -7.722743e+01 -7.722743e+01
91 -7.722743e+01 -7.722743e+01 7.722743e+01
92 -7.722743e+01 -7.722743e+01 -7.722743e+01
93 -7.722743e+01 -7.722743e+01 -7.722743e+01
94 -7.722743e+01 -7.722743e+01 7.722743e+01
95 -7.722743e+01 7.722743e+01 -7.722743e+01
96 -7.722743e+01 7.722743e+01 7.722743e+01
97 -7.722743e+01 7.722743e+01 -7.722743e+01
98 -7.722743e+01 7.722743e+01 -7.722743e+01
99 -7.722743e+01 7.722743e+01 7.722743e+01
100 7.722743e+01 -7.722743e+01 -7.722743e+01
101 7.722743e+01 -7.722743e+01 7.722743e+01
102 7.722743e+01 -7.722743e+01 -7.722743e+01
103 7.722743e+01 -7.722743e+01 -7.722743e+01
104 7.722743e+01 -7.722743e+01 7.722743e+01
105 7.722743e+01 7.722743e+01 -7.722743e+01
106 7.722743e+01 7.722743e+01 7.722743e+01
107 7.722743e+01 7.722743e+01 -7.722743e+01
108 7.722743e+01 7.722743e+01 -7.722743e+01
109 7.722743e+01 7.722743e+01 7.722743e+01
110 7.722743e+01 -7.722743e+01 -7.722743e+01
111 7.722743e+01 -7.722743e+01 7.722743e+01
112 7.722743e+01 -7.722743e+01 -7.722743e+01
113 7.722743e+01 -7.722743e+01 -7.722743e+01
114 7.722743e+01 -7.722743e+01 7.722743e+01
115 7.722743e+01 -7.722743e+01 -7.722743e+01
116 7.722743e+01 -7.722743e+01 7.722743e+01
117 7.722743e+01 -7.722743e+01 -7.722743e+01
118 7.722743e+01 -7.722743e+01 -7.722743e+01
119 7.722743e+01 -7.722743e+01 7.722743e+01
120 7.722743e+01 7.722743e+01 -7.722743e+01
121 7.722743e+01 7.722743e+01 7.722743e+01
122 7.722743e+01 7.722743e+01 -7.722743e+01
123 7.722743e+01 7.722743e+01 -7.722743e+01
124 7.722743e+01 7.722743e+01 7.722743e+01
125 7.722743e+01 7.722743e+01 -7.722743e+01
126 7.722743e+01 7.722743e+01 7.722743e+01
127 7.722743e+01 7.722743e+01 -7.722743e+01
128 7.722743e+01 7.722743e+01 -7.722743e+01
129 7.722743e+01 7.722743e+01 7.722743e+01
130 7.722743e+01 -7.722743e+01 -7.722743e+01
131 7.722743e+01 -7.722743e+01 7.722743e+01
132 7.722743e+01 -7.722743e+01 -7.722743e+01
133 7.722743e+01 -7.722743e+01 -7.722743e+01
134 7.722743e+01 -7.722743e+01 7.722743e+01
135 7.722743e+01 7.722743e+01 -7.722743e+01
136 7.722743e+01 7.722743e+01 7.722743e+01
137 7.722743e+01 7.722743e+01 -7.722743e+01
138 7.722743e+01 7.722743e+01 -7.722743e+01
139 7.722743e+01 7.722743e+01 7.722743e+01
140 7.722743e+01 -7.722743e+01 -7.722743e+01
141 7.722743e+01 -7.722743e+01 7.722743e+01
142 7.722743e+01 -7.722743e+01 -7.722743e+01
143 7.722743e+01 -7.722743e+01 -7.722743e+01
144 7.722743e+01 -7.722743e+01 7.722743e+01
145 7.722743e+01 7.722743e+01 -7.722743e+01
146 7.722743e+01 7.722743e+01 7.722743e+01
147 7.722743e+01 7.722743e+01 -7.722743e+01
148 7.722743e+01 7.722743e+01 -7.722743e+01
149 7.722743e+01 7.722743e+01 7.722743e+01
150 -7.722743e+01 7.722743e+01 -7.722743e+01
151 -7.722743e+01 7.722743e+01 7.722743e+01
152 -7.722743e+01 7.722743e+01 -7.722743e+01
153 -7.722743e+01 7.722743e+01 -7.722743e+01
154 -7.722743e+01 7.722743e+01 7.722743e+01
155 -7.722743e+01 -7.722743e+01 -7.722743e+01
156 -7.722743e+01 -7.722743e+01 7.722743e+01
157 -7.722743e+01 -7.722743e+01 -7.722743e+01
158 -7.722743e+01 -7.722743e+01 -7.722743e+01
159 -7.722743e+01 -7.722743e+01 7.722743e+01
160 -7.722743e+01 7.722743e+01 -7.722743e+01
161 -7.722743e+01 7.722743e+01 7.722743e+01
162 -7.722743e+01 7.722743e+01 -7.722743e+01
163 -7.722743e+01 7.722743e+01 -7.722743e+01
164 -7.722743e+01 7.722743e+01 7.722743e+01
165 -7.722743e+01 -7.722743e+01 -7.722743e+01
166 -7.722743e+01 -7.722743e+01 7.722743e+01
167 -7.722743e+01 -7.722743e+01 -7.722743e+01
168 -7.722743e+01 -7.722743e+01 -7.722743e+01
169 -7.722743e+01 -7.722743e+01 7.722743e+01
170 -7.722743e+01 7.722743e+01 -7.722743e+01
171 -7.722743e+01 7.722743e+01 7.722743e+01
172 -7.722743e+01 7.722743e+01 -7.722743e+01
173 -7.722743e+01 7.722743e+01 -7.722743e+01
174 -7.722743e+01 7.722743e+01 7.722743e+01
175 7.722743e+01 7.722743e+01 -7.722743e+01
176 7.722743e+01 7.722743e+01 7.722743e+01
177 7.722743e+01 7.722743e+01 -7.722743e+01
178 7.722743e+01 7.722743e+01 -7.722743e+01
179 7.722743e+01 7.722743e+01 7.722743e+01
180 7.722743e+01 -7.722743e+01 -7.722743e+01
181 7.722743e+01 -7.722743e+01 7.722743e+01
182 7.722743e+01 -7.722743e+01 -7.722743e+01
183 7.722743e+01 -7.722743e+01 -7.722743e+01
184 7.722743e+01 -7.722743e+01 7.722743e+01
185 7.722743e+01 7.722743e+01 -7.722743e+01
186 7.722743e+01 7.722743e+01 7.722743e+01
187 7.722743e+01 7.722743e+01 -7.722743e+01
188 7.722743e+01 7.722743e+01 -7.722743e+01
189 7.722743e+01 7.722743e+01 7.722743e+01
190 7.722743e+01 -7.722743e+01 -7.722743e+01
191 7.722743e+01 -7.722743e+01 7.722743e+01
192 7.722743e+01 -7.722743e+01 -7.722743e+01
193 7.722743e+01 -7.722743e+01 -7.722743e+01
194 7.722743e+01 -7.722743e+01 7.722743e+01
195 7.722743e+01 7.722743e+01 -7.722743e+01
196 7.722743e+01 7.722743e+01 7.722743e+01
197 7.722743e+01 7.722743e+01 -7.722743e+01
198 7.722743e+01 7.722743e+01 -7.722743e+01
199 7.722743e+01 7.722743e+01 7.722743e+01
200 -7.722743e+01 7.722743e+01 -7.722743e+01
201 -7.722743e+01 7.722743e+01 7.722743e+01
202 -7.722743e+01 7.722743e+01 -7.722743e+01
203 -7.722743e+01 7.722743e+01 -7.722743e+01
204 -7.722743e+01 7.722743e+01 7.722743e+01
205 -7.722743e+01 -7.722743e+01 -7.722743e+01
206 -7.722743e+01 -7.722743e+01 7.722743e+01
207 -7.722743e+01 -7.722743e+01 -7.722743e+01
208 -7.722743e+01 -7.722743e+01 -7.722743e+01
209 -7.722743e+01 -7.722743e+01 7.722743e+01
210 -7.722743e+01 7.722743e+01 -7.722743e+01
211 -7.722743e+01 7.722743e+01 7.722743e+01
212 -7.722743e+01 7.722743e+01 -7.722743e+01
213 -7.722743e+01 7.722743e+01 -7.722743e+01
214 -7.722743e+01 7.722743e+01 7.722743e+01
215 -7.722743e+01 -7.722743e+01 -7.722743e+01
216 -7.722743e+01 -7.722743e+01 7.722743e+01
217 -7.722743e+01 -7.722743e+01 -7.722743e+01
218 -7.722743e+01 -7.722743e+01 -7.722743e+01
219 -7.722743e+01 -7.722743e+01 7.722743e+01
220 -7.722743e+01 7.722743e+01 -7.722743e+01
221 -7.722743e+01 7.722743e+01 7.722743e+01
222 -7.722743e+01 7.722743e+01 -7.722743e+01
223 -7.722743e+01 7.722743e+01 -7.722743e+01
224 -7.722743e+01 7.722743e+01 7.722743e+01
225 7.722743e+01 7.722743e+01 -7.722743e+01
226 7.722743e+01 7.722743e+01 7.722743e+01
227 7.722743e+01 7.722743e+01 -7.722743e+01
228 7.722743e+01 7.722743e+01 -7.722743e+01
229 7.722743e+01 7.722743e+01 7.722743e+01
230 7.722743e+01 -7.722743e+01 -7.722743e+01
231 7.722743e+01 -7.722743e+01 7.722743e+01
232 7.722743e+01 -7.722743e+01 -7.722743e+01
233 7.722743e+01 -7.722743e+01 -7.722743e+01
234 7.722743e+01 -7.722743e+01 7.722743e+01
235 7.722743e+01 7.722743e+01 -7.722743e+01
236 7.722743e+01 7.722743e+01 7.722743e+01
237 7.722743e+01 7.722743e+01 -7.722743e+01
238 7.722743e+01 7.722743e+01 -7.722743e+01
239 7.722743e+01 7.722743e+01 7.722743e+01
240 7.722743e+01 -7.722743e+01 -7.722743e+01
241 7.722743e+01 -7.722743e+01 7.722743e+01
242 7.722743e+01 -7.722743e+01 -7.722743e+01
243 7.722743e+01 -7.722743e+01 -7.722743e+01
244 7.722743e+01 -7.722743e+01 7.722743e+01
245 7.722743e+01 7.722743e+01 -7.722743e+01
246 7.722743e+01 7.722743e+01 7.722743e+01
247 7.722743e+01 7.722743e+01 -7.722743e+01
248 7.722743e+01 7.722743e+01 -7.722743e+01
249 7.722743e+01 7.722743e+01 7.722743e+01
250 7.722743e+01 -7.722743e+01 7.722743e+01
251 7.722743e+01 -7.722743e+01 -7.722743e+01
252 7.722743e+01 -7.722743e+01 7.722743e+01
253 7.722743e+01 -7.722743e+01 -7.722743e+01
254 7.722743e+01 -7.722743e+01 7.722743e+01
255 7.722743e+01 7.722743e+01 7.722743e+01
256 7.722743e+01 7.722743e+01 -7.722743e+01
257 7.722743e+01 7.722743e+01 7.722743e+01
258 7.722743e+01 7.722743e+01 -7.722743e+01
259 7.722743e+01 7.722743e+01 7.722743e+01
260 7.722743e+01 -7.722743e+01 7.722743e+01
261 7.722743e+01 -7.722743e+01 -7.722743e+01
262 7.722743e+01 -7.722743e+01 7.722743e+01
263 7.722743e+01 -7.722743e+01 -7.722743e+01
264 7.722743e+01 -7.722743e+01 7.722743e+01
265 7.722743e+01 -7.722743e+01 7.722743e+01
266 7.722743e+01 -7.722743e+01 -7.722743e+01
267 7.722743e+01 -7.722743e+01 7.722743e+01
268 7.722743e+01 -7.722743e+01 -7.722743e+01
269 7.722743e+01 -7.722743e+01 7.722743e+01
270 7.722743e+01 7.722743e+01 7.722743e+01
271 7.722743e+01 7.722743e+01 -7.722743e+01
272 7.722743e+01 7.722743e+01 7.722743e+01
273 7.722743e+01 7.722743e+01 -7.722743e+01
274 7.722743e+01 7.722743e+01 7.722743e+01
275 -7.722743e+01 -7.722743e+01 7.722743e+01
276 -7.722743e+01 -7.722743e+01 -7.722743e+01
277 -7.722743e+01 -7.722743e+01 7.722743e+01
278 -7.722743e+01 -7.722743e+01 -7.722743e+01
279 -7.722743e+01 -7.722743e+01 7.722743e+01
280 -7.722743e+01 7.722743e+01 7.722743e+01
281 -7.722743e+01 7.722743e+01 -7.722743e+01
282 -7.722743e+01 7.722743e+01 7.722743e+01
283 -7.722743e+01 7.722743e+01 -7.722743e+01
284 -7.722743e+01 7.722743e+01 7.722743e+01
285 -7.722743e+01 -7.722743e+01 7.722743e+01
286 -7.722743e+01 -7.722743e+01 -7.722743e+01
287 -7.722743e+01 -7.722743e+01 7.722743e+01
288 -7.722743e+01 -7.722743e+01 -7.722743e+01
289 -7.722743e+01 -7.722743e+01 7.722743e+01
290 -7.722743e+01 -7.722743e+01 7.722743e+01
291 -7.722743e+01 -7.722743e+01 -7.722743e+01
292 -7.722743e+01 -7.722743e+01 7.722743e+01
293 -7.722743e+01 -7.722743e+01 -7.722743e+01
294 -7.722743e+01 -7.722743e+01 7.722743e+01
295 -7.722743e+01 7.722743e+01 7.722743e+01
296 -7.722743e+01 7.722743e+01 -7.722743e+01
297 -7.722743e+01 7.722743e+01 7.722743e+01
298 -7.722743e+01 7.722743e+01 -7.722743e+01
299 -7.722743e+01 7.722743e+01 7.722743e+01
300 7.722743e+01 -7.722743e+01 7.722743e+01
301 7.722743e+01 -7.722743e+01 -7.722743e+01
302 7.722743e+01 -7.722743e+01 7.722743e+01
303 7.722743e+01 -7.722743e+01 -7.722743e+01
304 7.722743e+01 -7.722743e+01 7.722743e+01
305 7.722743e+01 7.722743e+01 7.722743e+01
306 7.722743e+01 7.722743e+01 -7.722743e+01
307 7.722743e+01 7.722743e+01 7.722743e+01
308 7.722743e+01 7.722743e+01 -7.722743e+01
309 7.722743e+01 7.722743e+01 7.722743e+01
310 7.722743e+01 -7.722743e+01 7.722743e+01
311 7.722743e+01 -7.722743e+01 -7.722743e+01
312 7.722743e+01 -7.722743e+01 7.722743e+01
313 7.722743e+01 -7.722743e+01 -7.722743e+01
314 7.722743e+01 -7.722743e+01 7.722743e+01
315 7.722743e+01 -7.722743e+01 7.722743e+01
316 7.722743e+01 -7.722743e+01 -7.722743e+01
317 7.722743e+01 -7.722743e+01 7.722743e+01
318 7.722743e+01 -7.722743e+01 -7.722743e+01
319 7.722743e+01 -7.722743e+01 7.722743e+01
320 7.722743e+01 7.722743e+01 7.722743e+01
321 7.722743e+01 7.722743e+01 -7.722743e+01
322 7.722743e+01 7.722743e+01 7.722743e+01
323 7.722743e+01 7.722743e+01 -7.722743e+01
324 7.722743e+01 7.722743e+01 7.722743e+01
325 -7.722743e+01 -7.722743e+01 7.722743e+01
326 -7.722743e+01 -7.722743e+01 -7.722743e+01
327 -7.722743e+01 -7.722743e+01 7.722743e+01
328 -7.722743e+01 -7.722743e+01 -7.722743e+01
329 -7.722743e+01 -7.722743e+01 7.722743e+01
330 -7.722743e+01 7.722743e+01 7.722743e+01
331 -7.722743e+01 7.722743e+01 -7.722743e+01
332 -7.722743e+01 7.722743e+01 7.722743e+01
333 -7.722743e+01 7.722743e+01 -7.722743e+01
334 -7.722743e+01 7.722743e+01 7.722743e+01
335 -7.722743e+01 -7.722743e+01 7.722743e+01
336 -7.722743e+01 -7.722743e+01 -7.722743e+01
337 -7.722743e+01 -7.722743e+01 7.722743e+01
338 -7.722743e+01 -7.722743e+01 -7.722743e+01
339 -7.722743e+01 -7.722743e+01 7.722743e+01
340 -7.722743e+01 -7.722743e+01 7.722743e+01
341 -7.722743e+01 -7.722743e+01 -7.722743e+01
342 -7.722743e+01 -7.722743e+01 7.722743e+01
343 -7.722743e+01 -7.722743e+01 -7.722743e+01
344 -7.722743e+01 -7.722743e+01 7.722743e+01
345 -7.722743e+01 7.722743e+01 7.722743e+01
346 -7.722743e+01 7.722743e+01 -7.722743e+01
347 -7.722743e+01 7.722743e+01 7.722743e+01
348 -7.722743e+01 7.722743e+01 -7.722743e+01
349 -7.722743e+01 7.722743e+01 7.722743e+01
350 7.722743e+01 -7.722743e+01 7.722743e+01
351 7.722743e+01 -7.722743e+01 -7.722743e+01
352 7.722743e+01 -7.722743e+01 7.722743e+01
353 7.722743e+01 -7.722743e+01 -7.722743e+01
354 7.722743e+01 -7.722743e+01 7.722743e+01
355 7.722743e+01 7.722743e+01 7.722743e+01
356 7.722743e+01 7.722743e+01 -7.722743e+01
357 7.722743e+01 7.722743e+01 7.722743e+01
358 7.722743e+01 7.722743e+01 -7.722743e+01
359 7.722743e+01 7.722743e+01 7.722743e+01
360 7.722743e+01 -7.722743e+01 7.722743e+01
361 7.722743e+01 -7.722743e+01 -7.722743e+01
362 7.722743e+01 -7.722743e+01 7.722743e+01
363 7.722743e+01 -7.722743e+01 -7.722743e+01
364 7.722743e+01 -7.722743e+01 7.722743e+01
365 7.722743e+01 -7.722743e+01 7.722743e+01
366 7.722743e+01 -7.722743e+01 -7.722743e+01
367 7.722743e+01 -7.722743e+01 7.722743e+01
368 7.722743e+01 -7.722743e+01 -7.722743e+01
369 7.722743e+01 -7.722743e+01 7.722743e+01
370 7.722743e+01 7.722743e+01 7.722743e+01
371 7.722743e+01 7.722743e+01 -7.722743e+01
372 7.722743e+01 7.722743e+01 7.722743e+01
373 7.722743e+01 7.722743e+01 -7.722743e+01
374 7.722743e+01 7.722743e+01 7.722743e+01
375 -7.722743e+01 7.722743e+01 7.722743e+01
376 -7.722743e+01 7.722743e+01 -7.722743e+01
377 -7.722743e+01 7.722743e+01 7.722743e+01
378 -7.722743e+01 7.722743e+01 -7.722743e+01
379 -7.722743e+01 7.722743e+01 7.722743e+01
380 -7.722743e+01 -7.722743e+01 7.722743e+01
381 -7.722743e+01 -7.722743e+01 -7.722743e+01
382 -7.722743e+01 -7.722743e+01 7.722743e+01
383 -7.722743e+01 -7.722743e+01 -7.722743e+01
384 -7.722743e+01 -7.722743e+01 7.722743e+01
385 -7.722743e+01 7.722743e+01 7.722743e+01
386 -7.722743e+01 7.722743e+01 -7.722743e+01
387 -7.722743e+01 7.722743e+01 7.722743e+01
388 -7.722743e+01 7.722743e+01 -7.722743e+01
389 -7.722743e+01 7.722743e+01 7.722743e+01
390 -7.722743e+01 -7.722743e+01 7.722743e+01
391 -7.722743e+01 -7.722743e+01 -7.722743e+01
392 -7.722743e+01 -7.722743e+01 7.722743e+01
393 -7.722743e+01 -7.722743e+01 -7.722743e+01
394 -7.722743e+01 -7.722743e+01 7.722743e+01
395 -7.722743e+01 7.722743e+01 7.722743e+01
396 -7.722743e+01 7.722743e+01 -7.722743e+01
397 -7.722743e+01 7.722743e+01 7.722743e+01
398 -7.722743e+01 7.722743e+01 -7.722743e+01
399 -7.722743e+01 7.722743e+01 7.722743e+01
400 7.722743e+01 7.722743e+01 7.722743e+01
401 7.722743e+01 7.722743e+01 -7.722743e+01
402 7.722743e+01 7.722743e+01 7.722743e+01
403 7.722743e+01 7.722743e+01 -7.722743e+01
404 7.722743e+01 7.722743e+01 7.722743e+01
405 7.722743e+01 -7.722743e+01 7.722743e+01
406 7.722743e+01 -7.722743e+01 -7.722743e+01
407 7.722743e+01 -7.722743e+01 7.722743e+01
408 7.722743e+01 -7.722743e+01 -7.722743e+01
409 7.722743e+01 -7.722743e+01 7.722743e+01
410 7.722743e+01 7.722743e+01 7.722743e+01
411 7.722743e+01 7.722743e+01 -7.722743e+01
412 7.722743e+01 7.722743e+01 7.722743e+01
413 7.722743e+01 7.722743e+01 -7.722743e+01
414 7.722743e+01 7.722743e+01 7.722743e+01
415 7.722743e+01 -7.722743e+01 7.722743e+01
416 7.722743e+01 -7.722743e+01 -7.722743e+01
417 7.722743e+01 -7.722743e+01 7.722743e+01
418 7.722743e+01 -7.722743e+01 -7.722743e+01
419 7.722743e+01 -7.722743e+01 7.722743e+01
420 7.722743e+01 7.722743e+01 7.722743e+01
421 7.722743e+01 7.722743e+01 -7.722743e+01
422 7.722743e+01 7.722743e+01 7.722743e+01
423 7.722743e+01 7.722743e+01 -7.722743e+01
424 7.722743e+01 7.722743e+01 7.722743e+01
425 -7.722743e+01 7.722743e+01 7.722743e+01
426 -7.722743e+01 7.722743e+01 -7.722743e+01
427 -7.722743e+01 7.722743e+01 7.722743e+01
428 -7.722743e+01 7.722743e+01 -7.722743e+01
429 -7.722743e+01 7.722743e+01 7.722743e+01
430 -7.722743e+01 -7.722743e+01 7.722743e+01
431 -7.722743e+01 -7.722743e+01 -7.722743e+01
432 -7.722743e+01 -7.722743e+01 7.722743e+01
433 -7.722743e+01 -7.722743e+01 -7.722743e+01
434 -7.722743e+01 -7.722743e+01 7.722743e+01
435 -7.722743e+01 7.722743e+01 7.722743e+01
436 -7.722743e+01 7.722743e+01 -7.722743e+01
437 -7.722743e+01 7.722743e+01 7.722743e+01
438 -7.722743e+01 7.722743e+01 -7.722743e+01
439 -7.722743e+01 7.722743e+01 7.722743e+01
440 -7.722743e+01 -7.722743e+01 7.722743e+01
441 -7.722743e+01 -7.722743e+01 -7.722743e+01
442 -7.722743e+01 -7.722743e+01 7.722743e+01
443 -7.722743e+01 -7.722743e+01 -7.722743e+01
444 -7.722743e+01 -7.722743e+01 7.722743e+01
445 -7.722743e+01 7.722743e+01 7.722743e+01
446 -7.722743e+01 7.722743e+01 -7.722743e+01
447 -7.722743e+01 7.722743e+01 7.722743e+01
448 -7.722743e+01 7.722743e+01 -7.722743e+01
449 -7.722743e+01 7.722743e+01 7.722743e+01
450 -7.722743e+01 7.722743e+01 7.722743e+01
451 -7.722743e+01 7.722743e+01 -7.722743e+01
452 -7.722743e+01 7.722743e+01 7.722743e+01
453 -7.722743e+01 7.722743e+01 -7.722743e+01
454 -7.722743e+01 7.722743e+01 7.722743e+01
455 -7.722743e+01 -7.722743e+01 7.722743e+01
456 -7.722743e+01 -7.722743e+01 -7.722743e+01
457 -7.722743e+01 -7.722743e+01 7.722743e+01
458 -7.722743e+01 -7.722743e+01 -7.722743e+01
459 -7.722743e+01 -7.722743e+01 7.722743e+01
460 -7.722743e+01 7.722743e+01 7.722743e+01
461 -7.722743e+01 7.722743e+01 -7.722743e+01
462 -7.722743e+01 7.722743e+01 7.722743e+01
463 -7.722743e+01 7.722743e+01 -7.722743e+01
464 -7.722743e+01 7.722743e+01 7.722743e+01
465 -7.722743e+01 -7.722743e+01 7.722743e+01
466 -7.722743e+01 -7.722743e+01 -7.722743e+01
467 -7.722743e+01 -7.722743e+01 7.722743e+01
468 -7.722743e+01 -7.722743e+01 -7.722743e+01
469 -7.722743e+01 -7.722743e+01 7.722743e+01
470 -7.722743e+01 7.722743e+01 7.722743e+01
471 -7.722743e+01 7.722743e+01 -7.722743e+01
472 -7.722743e+01 7.722743e+01 7.722743e+01
473 -7.722743e+01 7.722743e+01 -7.722743e+01
474 -7.722743e+01 7.722743e+01 7.722743e+01
475 7.722743e+01 7.722743e+01 7.722743e+01
476 7.722743e+01 7.722743e+01 -7.722743e+01
477 7.722743e+01 7.722743e+01 7.722743e+01
478 7.722743e+01 7.722743e+01 -7.722743e+01
479 7.722743e+01 7.722743e+01 7.722743e+01
480 7.722743e+01 -7.722743e+01 7.722743e+01
481 7.722743e+01 -7.722743e+01 -7.722743e+01
482 7.722743e+01 -7.722743e+01 7.722743e+01
483 7.722743e+01 -7.722743e+01 -7.722743e+01
484 7.722743e+01 -7.722743e+01 7.722743e+01
485 7.722743e+01 7.722743e+01 7.722743e+01
486 7.722743e+01 7.722743e+01 -7.722743e+01
487 7.722743e+01 7.722743e+01 7.722743e+01
488 7.722743e+01 7.722743e+01 -7.722743e+01
489 7.722743e+01 7.722743e+01 7.722743e+01
490 7.722743e+01 -7.722743e+01 7.722743e+01
491 7.722743e+01 -7.722743e+01 -7.722743e+01
492 7.722743e+01 -7.722743e+01 7.722743e+01
493 7.722743e+01 -7.722743e+01 -7.722743e+01
494 7.722743e+01 -7.722743e+01 7.722743e+01
495 7.722743e+01 7.722743e+01 7.722743e+01
496 7.722743e+01 7.722743e+01 -7.722743e+01
497 7.722743e+01 7.722743e+01 7.722743e+01
498 7.722743e+01 7.722743e+01 -7.722743e+01
499 7.722743e+01 7.722743e+01 7.722743e+01
