0 1.928978e+01 -3.743802e+01 -1.814824e+01
1 1.899344e+01 -3.733922e+01 -1.834578e+01
2 1.849662e+01 -3.716694e+01 -1.867032e+01
3 1.779625e+01 -3.691151e+01 -1.911526e+01
4 1.689152e+01 -3.656167e+01 -1.967015e+01
5 1.578801e+01 -3.610761e+01 -2.031960e+01
6 1.450355e+01 -3.554550e+01 -2.104196e+01
7 1.307512e+01 -3.488351e+01 -2.180839e+01
8 1.156515e+01 -3.414803e+01 -2.258288e+01
9 1.006355e+01 -3.338744e+01 -2.332389e+01
10 8.681245e+00 -3.266955e+01 -2.398830e+01
11 7.532443e+00 -3.206967e+01 -2.453723e+01
12 6.708733e+00 -3.165116e+01 -2.494242e+01
13 6.254917e+00 -3.144618e+01 -2.519126e+01
14 6.158233e+00 -3.144679e+01 -2.528856e+01
15 6.356109e+00 -3.161066e+01 -2.525455e+01
16 6.757316e+00 -3.187725e+01 -2.511993e+01
17 7.265840e+00 -3.218544e+01 -2.491960e+01
18 7.798710e+00 -3.248575e+01 -2.468704e+01
19 8.294752e+00 -3.274524e+01 -2.445048e+01
20 8.715766e+00 -3.294687e+01 -2.423110e+01
21 9.043330e+00 -3.308608e+01 -2.404275e+01
22 9.274030e+00 -3.316680e+01 -2.389277e+01
23 9.414728e+00 -3.319792e+01 -2.378319e+01
24 9.478487e+00 -3.319063e+01 -2.371214e+01
25 9.481242e+00 -3.315633e+01 -2.367509e+01
26 9.439279e+00 -3.310521e+01 -2.366594e+01
27 9.367741e+00 -3.304558e+01 -2.367784e+01
28 9.280275e+00 -3.298406e+01 -2.370379e+01
29 9.189381e+00 -3.292638e+01 -2.373700e+01
30 9.106590e+00 -3.287789e+01 -2.377130e+01
31 9.041813e+00 -3.284332e+01 -2.380151e+01
32 9.001942e+00 -3.282568e+01 -2.382374e+01
33 8.989531e+00 -3.282527e+01 -2.383574e+01
34 9.002600e+00 -3.283937e+01 -2.383677e+01
35 9.036133e+00 -3.286351e+01 -2.382738e+01
36 9.084756e+00 -3.289360e+01 -2.380884e+01
37 9.145024e+00 -3.292781e+01 -2.378279e+01
38 9.215611e+00 -3.296667e+01 -2.375106e+01
39 9.294975e+00 -3.301082e+01 -2.371585e+01
40 9.378414e+00 -3.305821e+01 -2.367979e+01
41 9.457513e+00 -3.310339e+01 -2.364588e+01
42 9.522746e+00 -3.313987e+01 -2.361713e+01
43 9.566857e+00 -3.316295e+01 -2.359610e+01
44 9.586319e+00 -3.317089e+01 -2.358457e+01
45 9.580500e+00 -3.316395e+01 -2.358345e+01
46 9.550077e+00 -3.314287e+01 -2.359279e+01
47 9.496390e+00 -3.310826e+01 -2.361187e+01
48 9.422218e+00 -3.306127e+01 -2.363905e+01
49 9.333172e+00 -3.300489e+01 -2.367172e+01
50 9.238196e+00 -3.294450e+01 -2.370631e+01
51 9.148218e+00 -3.288684e+01 -2.373862e+01
52 9.073919e+00 -3.283813e+01 -2.376421e+01
53 9.024595e+00 -3.280353e+01 -2.377893e+01
54 9.007818e+00 -3.278748e+01 -2.377966e+01
55 9.027950e+00 -3.279270e+01 -2.376475e+01
56 9.084544e+00 -3.281875e+01 -2.373421e+01
57 9.172892e+00 -3.286261e+01 -2.368972e+01
58 9.285180e+00 -3.291958e+01 -2.363440e+01
59 9.410822e+00 -3.298293e+01 -2.357211e+01
60 9.538271e+00 -3.304503e+01 -2.350676e+01
61 9.658774e+00 -3.310066e+01 -2.344189e+01
62 9.768168e+00 -3.314858e+01 -2.338041e+01
63 9.864472e+00 -3.318902e+01 -2.332455e+01
64 9.945095e+00 -3.322085e+01 -2.327576e+01
65 1.000793e+01 -3.324266e+01 -2.323474e+01
66 1.005453e+01 -3.325594e+01 -2.320142e+01
67 1.009080e+01 -3.326586e+01 -2.317507e+01
68 1.012376e+01 -3.327858e+01 -2.315482e+01
69 1.015686e+01 -3.329719e+01 -2.314032e+01
70 1.018698e+01 -3.331919e+01 -2.313220e+01
71 1.020533e+01 -3.333722e+01 -2.313188e+01
72 1.020159e+01 -3.334246e+01 -2.314087e+01
73 1.016894e+01 -3.332872e+01 -2.315978e+01
74 1.010774e+01 -3.329529e+01 -2.318755e+01
75 1.002670e+01 -3.324794e+01 -2.322124e+01
76 9.940985e+00 -3.319751e+01 -2.325653e+01
77 9.867571e+00 -3.315629e+01 -2.328872e+01
78 9.819595e+00 -3.313349e+01 -2.331390e+01
79 9.802409e+00 -3.313219e+01 -2.332978e+01
80 9.813048e+00 -3.314904e+01 -2.333600e+01
81 9.842782e+00 -3.317649e+01 -2.333371e+01
82 9.881135e+00 -3.320599e+01 -2.332486e+01
83 9.919676e+00 -3.323099e+01 -2.331132e+01
84 9.954370e+00 -3.324867e+01 -2.329430e+01
85 9.986079e+00 -3.326017e+01 -2.327409e+01
86 1.001966e+01 -3.326982e+01 -2.325016e+01
87 1.006229e+01 -3.328394e+01 -2.322165e+01
88 1.012101e+01 -3.330907e+01 -2.318806e+01
89 1.019944e+01 -3.334938e+01 -2.314994e+01
90 1.029480e+01 -3.340405e+01 -2.310926e+01
91 1.039729e+01 -3.346663e+01 -2.306934e+01
92 1.049264e+01 -3.352692e+01 -2.303428e+01
93 1.056650e+01 -3.357439e+01 -2.300789e+01
94 1.060897e+01 -3.360170e+01 -2.299273e+01
95 1.061756e+01 -3.360701e+01 -2.298944e+01
96 1.059744e+01 -3.359422e+01 -2.299678e+01
97 1.055873e+01 -3.357087e+01 -2.301214e+01
98 1.051221e+01 -3.354466e+01 -2.303245e+01
99 1.046553e+01 -3.352051e+01 -2.305498e+01
100 1.042171e+01 -3.349953e+01 -2.307782e+01
101 1.038011e+01 -3.348002e+01 -2.309991e+01
102 1.033869e+01 -3.345947e+01 -2.312078e+01
103 1.029600e+01 -3.343616e+01 -2.314016e+01
104 1.025221e+01 -3.340991e+01 -2.315770e+01
105 1.020927e+01 -3.338220e+01 -2.317293e+01
106 1.017011e+01 -3.335553e+01 -2.318542e+01
107 1.013749e+01 -3.333245e+01 -2.319496e+01
108 1.011268e+01 -3.331450e+01 -2.320182e+01
109 1.009488e+01 -3.330165e+01 -2.320677e+01
110 1.008147e+01 -3.329242e+01 -2.321094e+01
111 1.006951e+01 -3.328507e+01 -2.321556e+01
112 1.005721e+01 -3.327891e+01 -2.322170e+01
113 1.004446e+01 -3.327467e+01 -2.323021e+01
114 1.003163e+01 -3.327342e+01 -2.324179e+01
115 1.001770e+01 -3.327485e+01 -2.325715e+01
116 9.999371e+00 -3.327638e+01 -2.327700e+01
117 9.972265e+00 -3.327405e+01 -2.330179e+01
118 9.933732e+00 -3.326501e+01 -2.333128e+01
119 9.885132e+00 -3.324947e+01 -2.336434e+01
120 9.831838e+00 -3.323079e+01 -2.339895e+01
121 9.780991e+00 -3.321360e+01 -2.343261e+01
122 9.738755e+00 -3.320158e+01 -2.346282e+01
123 9.708829e+00 -3.319642e+01 -2.348759e+01
124 9.692522e+00 -3.319809e+01 -2.350557e+01
125 9.689507e+00 -3.320556e+01 -2.351605e+01
126 9.698580e+00 -3.321740e+01 -2.351882e+01
127 9.718253e+00 -3.323228e+01 -2.351402e+01
128 9.746902e+00 -3.324909e+01 -2.350219e+01
129 9.782452e+00 -3.326661e+01 -2.348416e+01
130 9.822201e+00 -3.328324e+01 -2.346104e+01
131 9.863469e+00 -3.329753e+01 -2.343406e+01
132 9.904834e+00 -3.330923e+01 -2.340440e+01
133 9.946905e+00 -3.332001e+01 -2.337310e+01
134 9.991609e+00 -3.333282e+01 -2.334122e+01
135 1.003991e+01 -3.334992e+01 -2.331001e+01
136 1.008950e+01 -3.337058e+01 -2.328109e+01
137 1.013453e+01 -3.339081e+01 -2.325628e+01
138 1.016820e+01 -3.340544e+01 -2.323724e+01
139 1.018617e+01 -3.341112e+01 -2.322495e+01
140 1.018859e+01 -3.340804e+01 -2.321945e+01
141 1.017976e+01 -3.339961e+01 -2.321985e+01
142 1.016600e+01 -3.339086e+01 -2.322486e+01
143 1.015256e+01 -3.338598e+01 -2.323341e+01
144 1.014089e+01 -3.338598e+01 -2.324510e+01
145 1.012771e+01 -3.338798e+01 -2.326027e+01
146 1.010671e+01 -3.338647e+01 -2.327976e+01
147 1.007172e+01 -3.337594e+01 -2.330422e+01
148 1.001984e+01 -3.335337e+01 -2.333353e+01
149 9.953251e+00 -3.331960e+01 -2.336635e+01
150 9.879221e+00 -3.327935e+01 -2.340013e+01
151 9.808347e+00 -3.323990e+01 -2.343155e+01
152 9.751768e+00 -3.320900e+01 -2.345724e+01
153 9.718128e+00 -3.319264e+01 -2.347451e+01
154 9.711396e+00 -3.319335e+01 -2.348196e+01
155 9.730387e+00 -3.320998e+01 -2.347960e+01
156 9.769946e+00 -3.323875e+01 -2.346880e+01
157 9.822631e+00 -3.327459e+01 -2.345196e+01
158 9.879796e+00 -3.331186e+01 -2.343206e+01
159 9.932065e+00 -3.334437e+01 -2.341230e+01
160 9.970052e+00 -3.336564e+01 -2.339559e+01
161 9.986101e+00 -3.337012e+01 -2.338401e+01
162 9.976920e+00 -3.335523e+01 -2.337831e+01
163 9.945906e+00 -3.332344e+01 -2.337754e+01
164 9.903553e+00 -3.328274e+01 -2.337919e+01
165 9.864962e+00 -3.324484e+01 -2.337987e+01
166 9.845223e+00 -3.322148e+01 -2.337626e+01
167 9.854659e+00 -3.322085e+01 -2.336620e+01
168 9.895395e+00 -3.324499e+01 -2.334959e+01
169 9.959879e+00 -3.328854e+01 -2.332866e+01
170 1.003235e+01 -3.333981e+01 -2.330746e+01
171 1.009355e+01 -3.338443e+01 -2.329088e+01
172 1.012657e+01 -3.341003e+01 -2.328347e+01
173 1.012110e+01 -3.340934e+01 -2.328824e+01
174 1.007479e+01 -3.338090e+01 -2.330610e+01
175 9.992643e+00 -3.332829e+01 -2.333565e+01
176 9.885517e+00 -3.325897e+01 -2.337346e+01
177 9.768341e+00 -3.318302e+01 -2.341468e+01
178 9.657867e+00 -3.311162e+01 -2.345376e+01
179 9.570081e+00 -3.305531e+01 -2.348523e+01
180 9.517706e+00 -3.302227e+01 -2.350457e+01
181 9.508239e+00 -3.301703e+01 -2.350879e+01
182 9.542862e+00 -3.303976e+01 -2.349690e+01
183 9.616632e+00 -3.308655e+01 -2.346992e+01
184 9.719949e+00 -3.315057e+01 -2.343063e+01
185 9.840638e+00 -3.322375e+01 -2.338311e+01
186 9.965813e+00 -3.329794e+01 -2.333212e+01
187 1.008315e+01 -3.336563e+01 -2.328248e+01
188 1.018186e+01 -3.342031e+01 -2.323845e+01
189 1.025393e+01 -3.345714e+01 -2.320321e+01
190 1.029553e+01 -3.347410e+01 -2.317857e+01
191 1.030772e+01 -3.347248e+01 -2.316476e+01
192 1.029585e+01 -3.345651e+01 -2.316066e+01
193 1.026798e+01 -3.343210e+01 -2.316412e+01
194 1.023310e+01 -3.340562e+01 -2.317252e+01
195 1.019929e+01 -3.338261e+01 -2.318332e+01
196 1.017209e+01 -3.336659e+01 -2.319451e+01
197 1.015329e+01 -3.335808e+01 -2.320479e+01
198 1.014105e+01 -3.335469e+01 -2.321364e+01
199 1.013159e+01 -3.335253e+01 -2.322094e+01
200 1.012180e+01 -3.334839e+01 -2.322659e+01
201 1.011196e+01 -3.334201e+01 -2.323005e+01
202 1.010731e+01 -3.333759e+01 -2.323028e+01
203 1.011627e+01 -3.334262e+01 -2.322635e+01
204 1.014417e+01 -3.336247e+01 -2.321829e+01
205 1.018694e+01 -3.339438e+01 -2.320744e+01
206 1.023161e+01 -3.342781e+01 -2.319621e+01
207 1.026411e+01 -3.345143e+01 -2.318732e+01
208 1.027689e+01 -3.345962e+01 -2.318273e+01
209 1.027050e+01 -3.345347e+01 -2.318298e+01
210 1.025011e+01 -3.343742e+01 -2.318731e+01
211 1.022152e+01 -3.341577e+01 -2.319424e+01
212 1.018949e+01 -3.339151e+01 -2.320201e+01
213 1.015850e+01 -3.336742e+01 -2.320892e+01
214 1.013371e+01 -3.334717e+01 -2.321347e+01
215 1.012026e+01 -3.333486e+01 -2.321460e+01
216 1.012125e+01 -3.333321e+01 -2.321196e+01
217 1.013589e+01 -3.334194e+01 -2.320605e+01
218 1.015935e+01 -3.335756e+01 -2.319821e+01
219 1.018448e+01 -3.337476e+01 -2.319028e+01
220 1.020435e+01 -3.338840e+01 -2.318404e+01
221 1.021424e+01 -3.339500e+01 -2.318076e+01
222 1.021259e+01 -3.339343e+01 -2.318084e+01
223 1.020088e+01 -3.338469e+01 -2.318380e+01
224 1.018277e+01 -3.337112e+01 -2.318835e+01
225 1.016331e+01 -3.335587e+01 -2.319256e+01
226 1.014891e+01 -3.334304e+01 -2.319413e+01
227 1.014745e+01 -3.333823e+01 -2.319078e+01
228 1.016710e+01 -3.334788e+01 -2.318078e+01
229 1.021329e+01 -3.337687e+01 -2.316358e+01
230 1.028530e+01 -3.342565e+01 -2.314036e+01
231 1.037454e+01 -3.348863e+01 -2.311410e+01
232 1.046610e+01 -3.355530e+01 -2.308920e+01
233 1.054269e+01 -3.361325e+01 -2.307056e+01
234 1.058920e+01 -3.365157e+01 -2.306237e+01
235 1.059660e+01 -3.366367e+01 -2.306708e+01
236 1.056454e+01 -3.364931e+01 -2.308477e+01
237 1.050147e+01 -3.361480e+01 -2.311333e+01
238 1.042091e+01 -3.357020e+01 -2.314929e+01
239 1.033520e+01 -3.352395e+01 -2.318875e+01
240 1.025148e+01 -3.347955e+01 -2.322807e+01
241 1.017294e+01 -3.343707e+01 -2.326412e+01
242 1.010296e+01 -3.339708e+01 -2.329412e+01
243 1.004737e+01 -3.336277e+01 -2.331540e+01
244 1.001362e+01 -3.333918e+01 -2.332557e+01
245 1.000811e+01 -3.333109e+01 -2.332298e+01
246 1.003367e+01 -3.334092e+01 -2.330725e+01
247 1.008829e+01 -3.336785e+01 -2.327956e+01
248 1.016523e+01 -3.340785e+01 -2.324262e+01
249 1.025411e+01 -3.345435e+01 -2.320024e+01
250 1.034286e+01 -3.349952e+01 -2.315666e+01
251 1.042065e+01 -3.353637e+01 -2.311573e+01
252 1.048103e+01 -3.356133e+01 -2.308029e+01
253 1.052335e+01 -3.357532e+01 -2.305197e+01
254 1.055118e+01 -3.358259e+01 -2.303141e+01
255 1.056843e+01 -3.358735e+01 -2.301892e+01
256 1.057549e+01 -3.359057e+01 -2.301508e+01
257 1.056795e+01 -3.358894e+01 -2.302098e+01
258 1.053832e+01 -3.357633e+01 -2.303801e+01
259 1.047953e+01 -3.354668e+01 -2.306715e+01
260 1.038858e+01 -3.349677e+01 -2.310819e+01
261 1.026919e+01 -3.342836e+01 -2.315917e+01
262 1.013260e+01 -3.334892e+01 -2.321631e+01
263 9.995851e+00 -3.327039e+01 -2.327454e+01
264 9.877401e+00 -3.320593e+01 -2.332853e+01
265 9.791790e+00 -3.316562e+01 -2.337383e+01
266 9.745332e+00 -3.315317e+01 -2.340784e+01
267 9.734814e+00 -3.316490e+01 -2.343008e+01
268 9.750197e+00 -3.319198e+01 -2.344178e+01
269 9.780100e+00 -3.322517e+01 -2.344507e+01
270 9.816418e+00 -3.325867e+01 -2.344225e+01
271 9.855035e+00 -3.329039e+01 -2.343535e+01
272 9.893229e+00 -3.331932e+01 -2.342609e+01
273 9.927370e+00 -3.334327e+01 -2.341590e+01
274 9.953327e+00 -3.335929e+01 -2.340596e+01
275 9.968513e+00 -3.336548e+01 -2.339697e+01
276 9.973329e+00 -3.336223e+01 -2.338890e+01
277 9.971187e+00 -3.335217e+01 -2.338098e+01
278 9.967516e+00 -3.333940e+01 -2.337188e+01
279 9.968281e+00 -3.332839e+01 -2.336011e+01
280 9.978453e+00 -3.332284e+01 -2.334439e+01
281 1.000093e+01 -3.332491e+01 -2.332398e+01
282 1.003641e+01 -3.333528e+01 -2.329887e+01
283 1.008405e+01 -3.335391e+01 -2.326986e+01
284 1.014186e+01 -3.338045e+01 -2.323859e+01
285 1.020612e+01 -3.341362e+01 -2.320750e+01
286 1.027033e+01 -3.344996e+01 -2.317963e+01
287 1.032542e+01 -3.348365e+01 -2.315824e+01
288 1.036195e+01 -3.350815e+01 -2.314620e+01
289 1.037317e+01 -3.351856e+01 -2.314539e+01
290 1.035723e+01 -3.351346e+01 -2.315623e+01
291 1.031760e+01 -3.349520e+01 -2.317760e+01
292 1.026154e+01 -3.346870e+01 -2.320717e+01
293 1.019714e+01 -3.343908e+01 -2.324195e+01
294 1.013068e+01 -3.340942e+01 -2.327874e+01
295 1.006629e+01 -3.338073e+01 -2.331444e+01
296 1.000777e+01 -3.335383e+01 -2.334606e+01
297 9.960126e+00 -3.333102e+01 -2.337089e+01
298 9.929152e+00 -3.331578e+01 -2.338663e+01
299 9.919476e+00 -3.331121e+01 -2.339174e+01
300 9.932574e+00 -3.331838e+01 -2.338581e+01
301 9.965923e+00 -3.333566e+01 -2.336973e+01
302 1.001348e+01 -3.335897e+01 -2.334549e+01
303 1.006724e+01 -3.338289e+01 -2.331565e+01
304 1.011981e+01 -3.340251e+01 -2.328270e+01
305 1.016707e+01 -3.341554e+01 -2.324847e+01
306 1.020967e+01 -3.342358e+01 -2.321390e+01
307 1.025196e+01 -3.343126e+01 -2.317930e+01
308 1.029862e+01 -3.344346e+01 -2.314484e+01
309 1.035124e+01 -3.346239e+01 -2.311115e+01
310 1.040686e+01 -3.348644e+01 -2.307958e+01
311 1.045919e+01 -3.351126e+01 -2.305207e+01
312 1.050123e+01 -3.353200e+01 -2.303077e+01
313 1.052764e+01 -3.354511e+01 -2.301747e+01
314 1.053568e+01 -3.354897e+01 -2.301329e+01
315 1.052501e+01 -3.354356e+01 -2.301855e+01
316 1.049701e+01 -3.352980e+01 -2.303278e+01
317 1.045429e+01 -3.350921e+01 -2.305492e+01
318 1.040035e+01 -3.348378e+01 -2.308343e+01
319 1.033903e+01 -3.345557e+01 -2.311654e+01
320 1.027388e+01 -3.342623e+01 -2.315235e+01
321 1.020785e+01 -3.339668e+01 -2.318884e+01
322 1.014412e+01 -3.336791e+01 -2.322379e+01
323 1.008801e+01 -3.334279e+01 -2.325478e+01
324 1.004748e+01 -3.332698e+01 -2.327950e+01
325 1.003018e+01 -3.332653e+01 -2.329635e+01
326 1.003839e+01 -3.334339e+01 -2.330500e+01
327 1.006655e+01 -3.337310e+01 -2.330656e+01
328 1.010390e+01 -3.340724e+01 -2.330334e+01
329 1.013955e+01 -3.343770e+01 -2.329816e+01
330 1.016555e+01 -3.345911e+01 -2.329356e+01
331 1.017747e+01 -3.346869e+01 -2.329123e+01
332 1.017392e+01 -3.346575e+01 -2.329183e+01
333 1.015657e+01 -3.345154e+01 -2.329497e+01
334 1.013007e+01 -3.342947e+01 -2.329940e+01
335 1.010128e+01 -3.340463e+01 -2.330335e+01
336 1.007727e+01 -3.338236e+01 -2.330509e+01
337 1.006303e+01 -3.336633e+01 -2.330330e+01
338 1.006133e+01 -3.335861e+01 -2.329728e+01
339 1.007447e+01 -3.336174e+01 -2.328728e+01
340 1.010320e+01 -3.337807e+01 -2.327486e+01
341 1.014130e+01 -3.340411e+01 -2.326281e+01
342 1.017394e+01 -3.342832e+01 -2.325438e+01
343 1.018539e+01 -3.343801e+01 -2.325262e+01
344 1.016809e+01 -3.342745e+01 -2.325935e+01
345 1.012500e+01 -3.339949e+01 -2.327449e+01
346 1.006597e+01 -3.336228e+01 -2.329631e+01
347 1.000199e+01 -3.332434e+01 -2.332235e+01
348 9.940332e+00 -3.329054e+01 -2.335021e+01
349 9.883603e+00 -3.326135e+01 -2.337775e+01
350 9.832960e+00 -3.323605e+01 -2.340309e+01
351 9.791597e+00 -3.321604e+01 -2.342444e+01
352 9.764978e+00 -3.320505e+01 -2.344007e+01
353 9.758180e+00 -3.320685e+01 -2.344867e+01
354 9.772865e+00 -3.322265e+01 -2.344978e+01
355 9.805953e+00 -3.325002e+01 -2.344406e+01
356 9.850531e+00 -3.328369e+01 -2.343316e+01
357 9.898094e+00 -3.331732e+01 -2.341922e+01
358 9.941063e+00 -3.334543e+01 -2.340436e+01
359 9.974861e+00 -3.336501e+01 -2.339015e+01
360 9.998898e+00 -3.337634e+01 -2.337744e+01
361 1.001592e+01 -3.338245e+01 -2.336653e+01
362 1.002979e+01 -3.338739e+01 -2.335760e+01
363 1.004275e+01 -3.339398e+01 -2.335123e+01
364 1.005333e+01 -3.340205e+01 -2.334872e+01
365 1.005588e+01 -3.340802e+01 -2.335214e+01
366 1.004174e+01 -3.340564e+01 -2.336390e+01
367 1.000176e+01 -3.338780e+01 -2.338604e+01
368 9.929631e+00 -3.334896e+01 -2.341933e+01
369 9.825393e+00 -3.328795e+01 -2.346255e+01
370 9.697926e+00 -3.321018e+01 -2.351226e+01
371 9.564331e+00 -3.312759e+01 -2.356326e+01
372 9.444776e+00 -3.305454e+01 -2.360976e+01
373 9.355411e+00 -3.300194e+01 -2.364653e+01
374 9.304600e+00 -3.297448e+01 -2.366988e+01
375 9.293842e+00 -3.297206e+01 -2.367822e+01
376 9.320218e+00 -3.299205e+01 -2.367183e+01
377 9.377941e+00 -3.303049e+01 -2.365255e+01
378 9.459034e+00 -3.308227e+01 -2.362323e+01
379 9.553920e+00 -3.314133e+01 -2.358741e+01
380 9.652533e+00 -3.320124e+01 -2.354871e+01
381 9.746111e+00 -3.325654e+01 -2.351043e+01
382 9.828838e+00 -3.330406e+01 -2.347523e+01
383 9.897996e+00 -3.334301e+01 -2.344502e+01
384 9.952471e+00 -3.337353e+01 -2.342106e+01
385 9.991327e+00 -3.339536e+01 -2.340404e+01
386 1.001390e+01 -3.340803e+01 -2.339413e+01
387 1.002071e+01 -3.341168e+01 -2.339097e+01
388 1.001379e+01 -3.340740e+01 -2.339361e+01
389 9.996562e+00 -3.339705e+01 -2.340049e+01
390 9.973763e+00 -3.338337e+01 -2.340960e+01
391 9.951182e+00 -3.336996e+01 -2.341878e+01
392 9.934531e+00 -3.336056e+01 -2.342603e+01
393 9.927582e+00 -3.335749e+01 -2.342991e+01
394 9.930884e+00 -3.336058e+01 -2.342970e+01
395 9.942109e+00 -3.336753e+01 -2.342542e+01
396 9.957688e+00 -3.337530e+01 -2.341762e+01
397 9.974468e+00 -3.338154e+01 -2.340708e+01
398 9.990600e+00 -3.338511e+01 -2.339451e+01
399 1.000568e+01 -3.338613e+01 -2.338045e+01
400 1.002035e+01 -3.338554e+01 -2.336519e+01
401 1.003554e+01 -3.338440e+01 -2.334886e+01
402 1.005206e+01 -3.338341e+01 -2.333135e+01
403 1.007099e+01 -3.338334e+01 -2.331235e+01
404 1.009456e+01 -3.338595e+01 -2.329139e+01
405 1.012587e+01 -3.339393e+01 -2.326806e+01
406 1.016709e+01 -3.340931e+01 -2.324222e+01
407 1.021767e+01 -3.343195e+01 -2.321429e+01
408 1.027413e+01 -3.345943e+01 -2.318530e+01
409 1.033144e+01 -3.348819e+01 -2.315674e+01
410 1.038475e+01 -3.351499e+01 -2.313024e+01
411 1.043054e+01 -3.353783e+01 -2.310729e+01
412 1.046690e+01 -3.355605e+01 -2.308916e+01
413 1.049278e+01 -3.356972e+01 -2.307694e+01
414 1.050691e+01 -3.357860e+01 -2.307169e+01
415 1.050705e+01 -3.358145e+01 -2.307440e+01
416 1.049027e+01 -3.357624e+01 -2.308597e+01
417 1.045407e+01 -3.356097e+01 -2.310690e+01
418 1.039733e+01 -3.353449e+01 -2.313716e+01
419 1.032068e+01 -3.349660e+01 -2.317592e+01
420 1.022650e+01 -3.344805e+01 -2.322155e+01
421 1.011920e+01 -3.339090e+01 -2.327170e+01
422 1.000537e+01 -3.332876e+01 -2.332339e+01
423 9.893498e+00 -3.326679e+01 -2.337330e+01
424 9.792780e+00 -3.321093e+01 -2.341815e+01
425 9.711331e+00 -3.316647e+01 -2.345514e+01
426 9.654128e+00 -3.313644e+01 -2.348231e+01
427 9.621932e+00 -3.312069e+01 -2.349876e+01
428 9.611808e+00 -3.311645e+01 -2.350464e+01
429 9.618844e+00 -3.311973e+01 -2.350088e+01
430 9.638151e+00 -3.312693e+01 -2.348878e+01
431 9.666589e+00 -3.313617e+01 -2.346958e+01
432 9.703854e+00 -3.314815e+01 -2.344429e+01
433 9.752014e+00 -3.316578e+01 -2.341377e+01
434 9.813020e+00 -3.319198e+01 -2.337897e+01
435 9.886013e+00 -3.322713e+01 -2.334112e+01
436 9.966962e+00 -3.326890e+01 -2.330194e+01
437 1.004989e+01 -3.331354e+01 -2.326365e+01
438 1.012735e+01 -3.335601e+01 -2.322866e+01
439 1.019108e+01 -3.339008e+01 -2.319900e+01
440 1.023523e+01 -3.341104e+01 -2.317582e+01
441 1.026041e+01 -3.341940e+01 -2.315899e+01
442 1.027444e+01 -3.342179e+01 -2.314735e+01
443 1.028780e+01 -3.342716e+01 -2.313935e+01
444 1.030699e+01 -3.344093e+01 -2.313394e+01
445 1.033112e+01 -3.346226e+01 -2.313114e+01
446 1.035339e+01 -3.348558e+01 -2.313219e+01
447 1.036434e+01 -3.350332e+01 -2.313899e+01
448 1.035500e+01 -3.350826e+01 -2.315326e+01
449 1.031953e+01 -3.349538e+01 -2.317585e+01
450 1.025715e+01 -3.346342e+01 -2.320627e+01
451 1.017255e+01 -3.341515e+01 -2.324260e+01
452 1.007471e+01 -3.335643e+01 -2.328172e+01
453 9.974400e+00 -3.329429e+01 -2.331989e+01
454 9.882172e+00 -3.323543e+01 -2.335325e+01
455 9.807876e+00 -3.318621e+01 -2.337834e+01
456 9.760665e+00 -3.315329e+01 -2.339263e+01
457 9.746995e+00 -3.314206e+01 -2.339507e+01
458 9.766879e+00 -3.315314e+01 -2.338626e+01
459 9.812673e+00 -3.318088e+01 -2.336821e+01
460 9.873101e+00 -3.321691e+01 -2.334381e+01
461 9.939154e+00 -3.325529e+01 -2.331613e+01
462 1.000628e+01 -3.329421e+01 -2.328793e+01
463 1.007184e+01 -3.333341e+01 -2.326157e+01
464 1.013173e+01 -3.337087e+01 -2.323914e+01
465 1.017992e+01 -3.340246e+01 -2.322254e+01
466 1.021052e+01 -3.342385e+01 -2.321333e+01
467 1.022006e+01 -3.343242e+01 -2.321237e+01
468 1.020849e+01 -3.342810e+01 -2.321961e+01
469 1.017889e+01 -3.341312e+01 -2.323423e+01
470 1.013577e+01 -3.339072e+01 -2.325495e+01
471 1.008255e+01 -3.336288e+01 -2.328033e+01
472 1.002063e+01 -3.332934e+01 -2.330870e+01
473 9.951706e+00 -3.328968e+01 -2.333798e+01
474 9.881098e+00 -3.324656e+01 -2.336547e+01
475 9.818548e+00 -3.320637e+01 -2.338782e+01
476 9.775989e+00 -3.317745e+01 -2.340146e+01
477 9.764264e+00 -3.316764e+01 -2.340337e+01
478 9.790013e+00 -3.318203e+01 -2.339202e+01
479 9.853246e+00 -3.322117e+01 -2.336792e+01
480 9.946259e+00 -3.328012e+01 -2.333386e+01
481 1.005465e+01 -3.334903e+01 -2.329438e+01
482 1.016074e+01 -3.341555e+01 -2.325480e+01
483 1.024860e+01 -3.346862e+01 -2.322002e+01
484 1.030864e+01 -3.350204e+01 -2.319340e+01
485 1.033993e+01 -3.351611e+01 -2.317618e+01
486 1.034931e+01 -3.351695e+01 -2.316764e+01
487 1.034756e+01 -3.351353e+01 -2.316597e+01
488 1.034337e+01 -3.351281e+01 -2.316944e+01
489 1.033826e+01 -3.351546e+01 -2.317720e+01
490 1.032598e+01 -3.351541e+01 -2.318943e+01
491 1.029722e+01 -3.350400e+01 -2.320678e+01
492 1.024642e+01 -3.347571e+01 -2.322930e+01
493 1.017663e+01 -3.343228e+01 -2.325565e+01
494 1.010028e+01 -3.338339e+01 -2.328311e+01
495 1.003416e+01 -3.334273e+01 -2.330857e+01
496 9.990471e+00 -3.332016e+01 -2.332969e+01
497 9.970024e+00 -3.331567e+01 -2.334564e+01
498 9.963802e+00 -3.332087e+01 -2.335707e+01
499 9.960661e+00 -3.332597e+01 -2.336531e+01
500 9.954401e+00 -3.332572e+01 -2.337132e+01
501 9.946155e+00 -3.332126e+01 -2.337511e+01
502 9.942102e+00 -3.331801e+01 -2.337591e+01
503 9.948870e+00 -3.332168e+01 -2.337281e+01
504 9.969851e+00 -3.333520e+01 -2.336535e+01
505 1.000439e+01 -3.335817e+01 -2.335378e+01
506 1.004918e+01 -3.338822e+01 -2.333904e+01
507 1.009977e+01 -3.342226e+01 -2.332249e+01
508 1.015096e+01 -3.345668e+01 -2.330572e+01
509 1.019685e+01 -3.348714e+01 -2.329030e+01
510 1.023176e+01 -3.350923e+01 -2.327747e+01
511 1.025214e+01 -3.352009e+01 -2.326795e+01
512 1.025828e+01 -3.351994e+01 -2.326166e+01
513 1.025429e+01 -3.351212e+01 -2.325784e+01
514 1.024618e+01 -3.350148e+01 -2.325530e+01
515 1.023931e+01 -3.349221e+01 -2.325290e+01
516 1.023674e+01 -3.348662e+01 -2.324989e+01
517 1.023913e+01 -3.348526e+01 -2.324614e+01
518 1.024543e+01 -3.348757e+01 -2.324214e+01
519 1.025328e+01 -3.349221e+01 -2.323894e+01
520 1.025900e+01 -3.349696e+01 -2.323795e+01
521 1.025798e+01 -3.349872e+01 -2.324073e+01
522 1.024560e+01 -3.349420e+01 -2.324860e+01
523 1.021878e+01 -3.348102e+01 -2.326224e+01
524 1.017746e+01 -3.345879e+01 -2.328133e+01
525 1.012566e+01 -3.343006e+01 -2.330440e+01
526 1.007107e+01 -3.340013e+01 -2.332907e+01
527 1.002292e+01 -3.337541e+01 -2.335249e+01
528 9.988750e+00 -3.336077e+01 -2.337202e+01
529 9.972254e+00 -3.335786e+01 -2.338561e+01
530 9.973476e+00 -3.336549e+01 -2.339202e+01
531 9.990554e+00 -3.338139e+01 -2.339083e+01
532 1.002101e+01 -3.340334e+01 -2.338234e+01
533 1.006164e+01 -3.342908e+01 -2.336744e+01
534 1.010788e+01 -3.345550e+01 -2.334762e+01
535 1.015398e+01 -3.347877e+01 -2.332479e+01
536 1.019442e+01 -3.349546e+01 -2.330104e+01
537 1.022541e+01 -3.350383e+01 -2.327842e+01
538 1.024507e+01 -3.350384e+01 -2.325877e+01
539 1.025236e+01 -3.349598e+01 -2.324363e+01
540 1.024608e+01 -3.348018e+01 -2.323411e+01
541 1.022545e+01 -3.345617e+01 -2.323073e+01
542 1.019158e+01 -3.342485e+01 -2.323327e+01
543 1.014827e+01 -3.338898e+01 -2.324071e+01
544 1.010116e+01 -3.335254e+01 -2.325138e+01
545 1.005605e+01 -3.331936e+01 -2.326331e+01
546 1.001751e+01 -3.329208e+01 -2.327457e+01
547 9.988283e+00 -3.327185e+01 -2.328356e+01
548 9.969629e+00 -3.325874e+01 -2.328911e+01
549 9.962034e+00 -3.325251e+01 -2.329048e+01
550 9.965749e+00 -3.325312e+01 -2.328737e+01
551 9.980790e+00 -3.326067e+01 -2.327988e+01
552 1.000665e+01 -3.327517e+01 -2.326852e+01
553 1.004201e+01 -3.329618e+01 -2.325418e+01
554 1.008443e+01 -3.332259e+01 -2.323816e+01
555 1.013005e+01 -3.335213e+01 -2.322208e+01
556 1.017399e+01 -3.338166e+01 -2.320767e+01
557 1.021159e+01 -3.340819e+01 -2.319660e+01
558 1.023956e+01 -3.342983e+01 -2.319028e+01
559 1.025611e+01 -3.344591e+01 -2.318980e+01
560 1.026023e+01 -3.345618e+01 -2.319594e+01
561 1.025061e+01 -3.345986e+01 -2.320925e+01
562 1.022519e+01 -3.345517e+01 -2.322998e+01
563 1.018188e+01 -3.343976e+01 -2.325788e+01
564 1.012015e+01 -3.341205e+01 -2.329189e+01
565 1.004302e+01 -3.337283e+01 -2.332981e+01
566 9.958383e+00 -3.332661e+01 -2.336822e+01
567 9.878667e+00 -3.328147e+01 -2.340280e+01
568 9.818129e+00 -3.324711e+01 -2.342898e+01
569 9.788842e+00 -3.323164e+01 -2.344280e+01
570 9.797630e+00 -3.323931e+01 -2.344168e+01
571 9.845065e+00 -3.327001e+01 -2.342495e+01
572 9.925753e+00 -3.331979e+01 -2.339404e+01
573 1.002947e+01 -3.338157e+01 -2.335210e+01
574 1.014342e+01 -3.344697e+01 -2.330355e+01
575 1.025481e+01 -3.350821e+01 -2.325340e+01
576 1.035239e+01 -3.355898e+01 -2.320658e+01
577 1.042711e+01 -3.359451e+01 -2.316741e+01
578 1.047272e+01 -3.361187e+01 -2.313915e+01
579 1.048650e+01 -3.361033e+01 -2.312383e+01
580 1.046911e+01 -3.359120e+01 -2.312209e+01
581 1.042397e+01 -3.355716e+01 -2.313319e+01
582 1.035663e+01 -3.351183e+01 -2.315520e+01
583 1.027442e+01 -3.345966e+01 -2.318523e+01
584 1.018562e+01 -3.340550e+01 -2.321988e+01
585 1.009816e+01 -3.335377e+01 -2.325561e+01
586 1.001817e+01 -3.330741e+01 -2.328924e+01
587 9.949507e+00 -3.326763e+01 -2.331812e+01
588 9.894796e+00 -3.323496e+01 -2.334017e+01
589 9.856922e+00 -3.321074e+01 -2.335382e+01
590 9.839251e+00 -3.319728e+01 -2.335803e+01
591 9.844359e+00 -3.319669e+01 -2.335233e+01
592 9.872947e+00 -3.320982e+01 -2.333687e+01
593 9.924065e+00 -3.323663e+01 -2.331257e+01
594 9.995571e+00 -3.327672e+01 -2.328115e+01
595 1.008339e+01 -3.332856e+01 -2.324516e+01
596 1.018017e+01 -3.338805e+01 -2.320788e+01
597 1.027521e+01 -3.344825e+01 -2.317304e+01
598 1.035663e+01 -3.350093e+01 -2.314430e+01
599 1.041436e+01 -3.353899e+01 -2.312464e+01
600 1.044253e+01 -3.355828e+01 -2.311575e+01
601 1.044054e+01 -3.355824e+01 -2.311770e+01
602 1.041291e+01 -3.354182e+01 -2.312892e+01
603 1.036839e+01 -3.351493e+01 -2.314654e+01
604 1.031825e+01 -3.348523e+01 -2.316698e+01
605 1.027372e+01 -3.346037e+01 -2.318665e+01
606 1.024334e+01 -3.344599e+01 -2.320264e+01
607 1.023119e+01 -3.344440e+01 -2.321321e+01
608 1.023642e+01 -3.345444e+01 -2.321802e+01
609 1.025398e+01 -3.347208e+01 -2.321810e+01
610 1.027600e+01 -3.349150e+01 -2.321550e+01
611 1.029333e+01 -3.350616e+01 -2.321283e+01
612 1.029722e+01 -3.350990e+01 -2.321268e+01
613 1.028094e+01 -3.349797e+01 -2.321703e+01
614 1.024153e+01 -3.346821e+01 -2.322668e+01
615 1.018143e+01 -3.342238e+01 -2.324095e+01
616 1.010946e+01 -3.336719e+01 -2.325773e+01
617 1.003926e+01 -3.331347e+01 -2.327421e+01
618 9.984368e+00 -3.327233e+01 -2.328797e+01
619 9.951182e+00 -3.324917e+01 -2.329799e+01
620 9.935523e+00 -3.324042e+01 -2.330490e+01
621 9.926142e+00 -3.323666e+01 -2.331051e+01
622 9.912293e+00 -3.322909e+01 -2.331679e+01
623 9.889249e+00 -3.321405e+01 -2.332480e+01
624 9.859178e+00 -3.319338e+01 -2.333420e+01
625 9.828760e+00 -3.317234e+01 -2.334358e+01
626 9.805494e+00 -3.315664e+01 -2.335115e+01
627 9.794315e+00 -3.314968e+01 -2.335536e+01
628 9.796569e+00 -3.315178e+01 -2.335521e+01
629 9.811866e+00 -3.316210e+01 -2.335023e+01
630 9.840425e+00 -3.318092e+01 -2.334050e+01
631 9.883106e+00 -3.320970e+01 -2.332660e+01
632 9.938929e+00 -3.324876e+01 -2.330983e+01
633 1.000249e+01 -3.329478e+01 -2.329229e+01
634 1.006440e+01 -3.334095e+01 -2.327655e+01
635 1.011496e+01 -3.338008e+01 -2.326511e+01
636 1.014812e+01 -3.340786e+01 -2.325974e+01
637 1.016298e+01 -3.342387e+01 -2.326089e+01
638 1.016299e+01 -3.343073e+01 -2.326774e+01
639 1.015405e+01 -3.343252e+01 -2.327847e+01
640 1.014230e+01 -3.343317e+01 -2.329088e+01
641 1.013265e+01 -3.343545e+01 -2.330280e+01
642 1.012853e+01 -3.344104e+01 -2.331251e+01
643 1.013225e+01 -3.345119e+01 -2.331894e+01
644 1.014507e+01 -3.346688e+01 -2.332181e+01
645 1.016614e+01 -3.348795e+01 -2.332181e+01
646 1.019109e+01 -3.351172e+01 -2.332063e+01
647 1.021160e+01 -3.353226e+01 -2.332066e+01
648 1.021701e+01 -3.354158e+01 -2.332457e+01
649 1.019760e+01 -3.353206e+01 -2.333446e+01
650 1.014816e+01 -3.349915e+01 -2.335099e+01
651 1.007099e+01 -3.344379e+01 -2.337280e+01
652 9.977429e+00 -3.337397e+01 -2.339654e+01
653 9.885840e+00 -3.330346e+01 -2.341762e+01
654 9.815771e+00 -3.324723e+01 -2.343146e+01
655 9.781223e+00 -3.321599e+01 -2.343476e+01
656 9.786689e+00 -3.321319e+01 -2.342650e+01
657 9.827123e+00 -3.323519e+01 -2.340806e+01
658 9.890631e+00 -3.327339e+01 -2.338276e+01
659 9.962399e+00 -3.331723e+01 -2.335483e+01
660 1.002871e+01 -3.335715e+01 -2.332844e+01
661 1.007988e+01 -3.338687e+01 -2.330699e+01
662 1.011110e+01 -3.340383e+01 -2.329272e+01
663 1.012114e+01 -3.340792e+01 -2.328677e+01
664 1.011021e+01 -3.339960e+01 -2.328939e+01
665 1.007887e+01 -3.337897e+01 -2.330009e+01
666 1.002851e+01 -3.334631e+01 -2.331780e+01
667 9.962513e+00 -3.330326e+01 -2.334075e+01
668 9.887044e+00 -3.325355e+01 -2.336651e+01
669 9.810720e+00 -3.320283e+01 -2.339211e+01
670 9.743535e+00 -3.315789e+01 -2.341435e+01
671 9.695272e+00 -3.312555e+01 -2.343028e+01
672 9.673727e+00 -3.311141e+01 -2.343768e+01
673 9.683004e+00 -3.311845e+01 -2.343545e+01
674 9.722386e+00 -3.314616e+01 -2.342377e+01
675 9.786749e+00 -3.319068e+01 -2.340393e+01
676 9.868780e+00 -3.324677e+01 -2.337799e+01
677 9.961294e+00 -3.330972e+01 -2.334842e+01
678 1.005768e+01 -3.337548e+01 -2.331780e+01
679 1.015095e+01 -3.343959e+01 -2.328864e+01
680 1.023352e+01 -3.349678e+01 -2.326326e+01
681 1.029837e+01 -3.354193e+01 -2.324356e+01
682 1.034058e+01 -3.357145e+01 -2.323087e+01
683 1.035835e+01 -3.358402e+01 -2.322568e+01
684 1.035301e+01 -3.358065e+01 -2.322764e+01
685 1.032855e+01 -3.356425e+01 -2.323569e+01
686 1.029075e+01 -3.353898e+01 -2.324823e+01
687 1.024620e+01 -3.350955e+01 -2.326334e+01
688 1.020146e+01 -3.348058e+01 -2.327912e+01
689 1.016205e+01 -3.345596e+01 -2.329391e+01
690 1.013153e+01 -3.343816e+01 -2.330662e+01
691 1.011067e+01 -3.342761e+01 -2.331695e+01
692 1.009695e+01 -3.342228e+01 -2.332533e+01
693 1.008535e+01 -3.341805e+01 -2.333270e+01
694 1.007061e+01 -3.341059e+01 -2.333998e+01
695 1.005000e+01 -3.339757e+01 -2.334756e+01
696 1.002481e+01 -3.337974e+01 -2.335494e+01
697 1.000029e+01 -3.336093e+01 -2.336065e+01
698 9.984415e+00 -3.334705e+01 -2.336264e+01
699 9.985521e+00 -3.334438e+01 -2.335886e+01
700 1.000927e+01 -3.335723e+01 -2.334796e+01
701 1.005617e+01 -3.338597e+01 -2.332980e+01
702 1.012093e+01 -3.342651e+01 -2.330559e+01
703 1.019404e+01 -3.347170e+01 -2.327766e+01
704 1.026476e+01 -3.351365e+01 -2.324889e+01
705 1.032387e+01 -3.354591e+01 -2.322204e+01
706 1.036557e+01 -3.356477e+01 -2.319920e+01
707 1.038792e+01 -3.356939e+01 -2.318147e+01
708 1.039244e+01 -3.356137e+01 -2.316892e+01
709 1.038333e+01 -3.354410e+01 -2.316076e+01
710 1.036681e+01 -3.352253e+01 -2.315572e+01
711 1.034963e+01 -3.350227e+01 -2.315264e+01
712 1.033632e+01 -3.348733e+01 -2.315101e+01
713 1.032674e+01 -3.347795e+01 -2.315121e+01
714 1.031656e+01 -3.347103e+01 -2.315447e+01
715 1.029996e+01 -3.346245e+01 -2.316250e+01
716 1.027183e+01 -3.344873e+01 -2.317691e+01
717 1.022875e+01 -3.342740e+01 -2.319865e+01
718 1.016966e+01 -3.339728e+01 -2.322762e+01
719 1.009695e+01 -3.335945e+01 -2.326250e+01
720 1.001724e+01 -3.331810e+01 -2.330086e+01
721 9.940241e+00 -3.327995e+01 -2.333971e+01
722 9.874964e+00 -3.325127e+01 -2.337631e+01
723 9.825367e+00 -3.323412e+01 -2.340875e+01
724 9.789191e+00 -3.322540e+01 -2.343621e+01
725 9.761152e+00 -3.321983e+01 -2.345867e+01
726 9.737297e+00 -3.321373e+01 -2.347643e+01
727 9.717187e+00 -3.320677e+01 -2.348958e+01
728 9.703222e+00 -3.320121e+01 -2.349798e+01
729 9.698261e+00 -3.319984e+01 -2.350158e+01
730 9.703210e+00 -3.320389e+01 -2.350068e+01
731 9.715746e+00 -3.321197e+01 -2.349622e+01
732 9.730646e+00 -3.322021e+01 -2.348956e+01
733 9.741742e+00 -3.322382e+01 -2.348208e+01
734 9.744929e+00 -3.321959e+01 -2.347466e+01
735 9.740598e+00 -3.320794e+01 -2.346734e+01
736 9.733760e+00 -3.319310e+01 -2.345934e+01
737 9.731758e+00 -3.318111e+01 -2.344935e+01
738 9.741244e+00 -3.317736e+01 -2.343611e+01
739 9.766229e+00 -3.318509e+01 -2.341886e+01
740 9.807624e+00 -3.320526e+01 -2.339763e+01
741 9.863329e+00 -3.323675e+01 -2.337342e+01
742 9.928244e+00 -3.327628e+01 -2.334804e+01
743 9.994868e+00 -3.331871e+01 -2.332384e+01
744 1.005508e+01 -3.335840e+01 -2.330332e+01
745 1.010221e+01 -3.339090e+01 -2.328868e+01
746 1.013198e+01 -3.341348e+01 -2.328151e+01
747 1.014227e+01 -3.342481e+01 -2.328255e+01
748 1.013267e+01 -3.342433e+01 -2.329166e+01
749 1.010428e+01 -3.341213e+01 -2.330785e+01
750 1.005998e+01 -3.338925e+01 -2.332927e+01
751 1.000494e+01 -3.335822e+01 -2.335328e+01
752 9.946737e+00 -3.332339e+01 -2.337666e+01
753 9.894507e+00 -3.329044e+01 -2.339593e+01
754 9.857395e+00 -3.326513e+01 -2.340773e+01
755 9.843332e+00 -3.325259e+01 -2.340926e+01
756 9.858443e+00 -3.325715e+01 -2.339871e+01
757 9.905906e+00 -3.328168e+01 -2.337577e+01
758 9.983667e+00 -3.332557e+01 -2.334190e+01
759 1.008284e+01 -3.338312e+01 -2.330028e+01
760 1.018931e+01 -3.344463e+01 -2.325532e+01
761 1.028806e+01 -3.349997e+01 -2.321191e+01
762 1.036719e+01 -3.354168e+01 -2.317449e+01
763 1.041950e+01 -3.356594e+01 -2.314644e+01
764 1.044218e+01 -3.357192e+01 -2.312974e+01
765 1.043607e+01 -3.356109e+01 -2.312502e+01
766 1.040495e+01 -3.353677e+01 -2.313182e+01
767 1.035440e+01 -3.350330e+01 -2.314890e+01
768 1.029015e+01 -3.346473e+01 -2.317458e+01
769 1.021682e+01 -3.342388e+01 -2.320706e+01
770 1.013752e+01 -3.338213e+01 -2.324461e+01
771 1.005439e+01 -3.333998e+01 -2.328559e+01
772 9.969075e+00 -3.329742e+01 -2.332835e+01
773 9.883267e+00 -3.325431e+01 -2.337104e+01
774 9.799855e+00 -3.321125e+01 -2.341140e+01
775 9.724574e+00 -3.317123e+01 -2.344665e+01
776 9.666429e+00 -3.314031e+01 -2.347388e+01
777 9.635064e+00 -3.312571e+01 -2.349064e+01
778 9.635995e+00 -3.313166e+01 -2.349567e+01
779 9.667507e+00 -3.315681e+01 -2.348930e+01
780 9.721675e+00 -3.319516e+01 -2.347348e+01
781 9.787821e+00 -3.323909e+01 -2.345127e+01
782 9.855511e+00 -3.328150e+01 -2.342599e+01
783 9.916343e+00 -3.331690e+01 -2.340056e+01
784 9.965003e+00 -3.334202e+01 -2.337701e+01
785 9.999807e+00 -3.335608e+01 -2.335628e+01
786 1.002285e+01 -3.336094e+01 -2.333808e+01
787 1.003984e+01 -3.336098e+01 -2.332114e+01
788 1.005928e+01 -3.336280e+01 -2.330351e+01
789 1.009064e+01 -3.337392e+01 -2.328328e+01
790 1.014083e+01 -3.340022e+01 -2.325939e+01
791 1.021016e+01 -3.344247e+01 -2.323231e+01
792 1.029080e+01 -3.349488e+01 -2.320409e+01
793 1.036965e+01 -3.354760e+01 -2.317795e+01
794 1.043356e+01 -3.359097e+01 -2.315741e+01
795 1.047293e+01 -3.361828e+01 -2.314535e+01
796 1.048275e+01 -3.362616e+01 -2.314341e+01
797 1.046220e+01 -3.361387e+01 -2.315167e+01
798 1.041479e+01 -3.358344e+01 -2.316864e+01
799 1.034933e+01 -3.354077e+01 -2.319145e+01
800 1.027948e+01 -3.349588e+01 -2.321640e+01
801 1.022030e+01 -3.346018e+01 -2.323988e+01
802 1.018261e+01 -3.344196e+01 -2.325935e+01
803 1.016856e+01 -3.344265e+01 -2.327409e+01
804 1.017116e+01 -3.345644e+01 -2.328528e+01
805 1.017766e+01 -3.347307e+01 -2.329542e+01
806 1.017475e+01 -3.348209e+01 -2.330734e+01
807 1.015301e+01 -3.347619e+01 -2.332318e+01
808 1.010938e+01 -3.345296e+01 -2.334358e+01
809 1.004784e+01 -3.341538e+01 -2.336754e+01
810 9.978252e+00 -3.337111e+01 -2.339286e+01
811 9.912295e+00 -3.332931e+01 -2.341702e+01
812 9.857976e+00 -3.329595e+01 -2.343798e+01
813 9.817159e+00 -3.327170e+01 -2.345454e+01
814 9.787949e+00 -3.325431e+01 -2.346636e+01
815 9.768171e+00 -3.324183e+01 -2.347366e+01
816 9.756332e+00 -3.323314e+01 -2.347681e+01
817 9.750858e+00 -3.322701e+01 -2.347615e+01
818 9.750107e+00 -3.322195e+01 -2.347184e+01
819 9.753529e+00 -3.321745e+01 -2.346393e+01
820 9.762220e+00 -3.321453e+01 -2.345231e+01
821 9.777948e+00 -3.321484e+01 -2.343689e+01
822 9.801815e+00 -3.321945e+01 -2.341764e+01
823 9.834032e+00 -3.322870e+01 -2.339467e+01
824 9.874599e+00 -3.324291e+01 -2.336831e+01
825 9.923544e+00 -3.326264e+01 -2.333910e+01
826 9.980027e+00 -3.328793e+01 -2.330791e+01
827 1.004109e+01 -3.331705e+01 -2.327596e+01
828 1.010138e+01 -3.334620e+01 -2.324482e+01
829 1.015463e+01 -3.337071e+01 -2.321607e+01
830 1.019600e+01 -3.338697e+01 -2.319097e+01
831 1.022394e+01 -3.339398e+01 -2.317004e+01
832 1.024059e+01 -3.339360e+01 -2.315301e+01
833 1.025081e+01 -3.338974e+01 -2.313892e+01
834 1.026051e+01 -3.338710e+01 -2.312659e+01
835 1.027446e+01 -3.338955e+01 -2.311508e+01
836 1.029448e+01 -3.339865e+01 -2.310417e+01
837 1.031856e+01 -3.341297e+01 -2.309442e+01
838 1.034166e+01 -3.342878e+01 -2.308712e+01
839 1.035747e+01 -3.344140e+01 -2.308394e+01
840 1.035985e+01 -3.344643e+01 -2.308657e+01
841 1.034367e+01 -3.343999e+01 -2.309633e+01
842 1.030520e+01 -3.341901e+01 -2.311381e+01
843 1.024325e+01 -3.338191e+01 -2.313866e+01
844 1.016069e+01 -3.332998e+01 -2.316929e+01
845 1.006521e+01 -3.326821e+01 -2.320299e+01
846 9.968489e+00 -3.320472e+01 -2.323623e+01
847 9.883233e+00 -3.314858e+01 -2.326535e+01
848 9.819609e+00 -3.310690e+01 -2.328729e+01
849 9.782901e+00 -3.308306e+01 -2.330016e+01
850 9.773882e+00 -3.307721e+01 -2.330333e+01
851 9.791096e+00 -3.308847e+01 -2.329738e+01
852 9.832347e+00 -3.311635e+01 -2.328400e+01
853 9.893396e+00 -3.315936e+01 -2.326596e+01
854 9.965111e+00 -3.321215e+01 -2.324704e+01
855 1.003276e+01 -3.326441e+01 -2.323165e+01
856 1.007962e+01 -3.330366e+01 -2.322404e+01
857 1.009302e+01 -3.332034e+01 -2.322732e+01
858 1.006876e+01 -3.331142e+01 -2.324267e+01
859 1.001155e+01 -3.328059e+01 -2.326904e+01
860 9.932185e+00 -3.323575e+01 -2.330356e+01
861 9.844084e+00 -3.318626e+01 -2.334218e+01
862 9.760655e+00 -3.314124e+01 -2.338058e+01
863 9.693127e+00 -3.310805e+01 -2.341493e+01
864 9.648729e+00 -3.309105e+01 -2.344232e+01
865 9.630167e+00 -3.309127e+01 -2.346110e+01
866 9.636451e+00 -3.310740e+01 -2.347095e+01
867 9.663802e+00 -3.313650e+01 -2.347270e+01
868 9.706226e+00 -3.317431e+01 -2.346809e+01
869 9.756290e+00 -3.321570e+01 -2.345941e+01
870 9.806308e+00 -3.325548e+01 -2.344917e+01
871 9.849493e+00 -3.328917e+01 -2.343968e+01
872 9.880840e+00 -3.331355e+01 -2.343271e+01
873 9.897820e+00 -3.332703e+01 -2.342921e+01
874 9.900879e+00 -3.333002e+01 -2.342914e+01
875 9.893523e+00 -3.332497e+01 -2.343144e+01
876 9.881697e+00 -3.331598e+01 -2.343428e+01
877 9.872456e+00 -3.330780e+01 -2.343534e+01
878 9.872351e+00 -3.330459e+01 -2.343224e+01
879 9.886470e+00 -3.330936e+01 -2.342289e+01
880 9.918627e+00 -3.332446e+01 -2.340583e+01
881 9.971506e+00 -3.335204e+01 -2.338053e+01
882 1.004506e+01 -3.339278e+01 -2.334772e+01
883 1.013422e+01 -3.344351e+01 -2.330929e+01
884 1.022937e+01 -3.349743e+01 -2.326806e+01
885 1.032008e+01 -3.354732e+01 -2.322724e+01
886 1.039833e+01 -3.358821e+01 -2.318988e+01
887 1.045885e+01 -3.361731e+01 -2.315845e+01
888 1.049794e+01 -3.363260e+01 -2.313467e+01
889 1.051274e+01 -3.363208e+01 -2.311934e+01
890 1.050261e+01 -3.361480e+01 -2.311219e+01
891 1.047164e+01 -3.358331e+01 -2.311167e+01
892 1.043008e+01 -3.354521e+01 -2.311513e+01
893 1.039198e+01 -3.351144e+01 -2.311946e+01
894 1.036914e+01 -3.349118e+01 -2.312204e+01
895 1.036564e+01 -3.348707e+01 -2.312143e+01
896 1.037738e+01 -3.349505e+01 -2.311767e+01
897 1.039624e+01 -3.350817e+01 -2.311192e+01
898 1.041502e+01 -3.352076e+01 -2.310574e+01
899 1.043061e+01 -3.353107e+01 -2.310046e+01
900 1.044422e+01 -3.354135e+01 -2.309713e+01
901 1.045799e+01 -3.355486e+01 -2.309688e+01
902 1.046988e+01 -3.357097e+01 -2.310109e+01
903 1.047258e+01 -3.358392e+01 -2.311134e+01
904 1.045803e+01 -3.358705e+01 -2.312902e+01
905 1.042262e+01 -3.357741e+01 -2.315479e+01
906 1.036820e+01 -3.355643e+01 -2.318823e+01
907 1.029993e+01 -3.352786e+01 -2.322793e+01
908 1.022334e+01 -3.349532e+01 -2.327197e+01
909 1.014258e+01 -3.346099e+01 -2.331840e+01
910 1.005995e+01 -3.342543e+01 -2.336548e+01
911 9.976211e+00 -3.338803e+01 -2.341182e+01
912 9.891181e+00 -3.334747e+01 -2.345629e+01
913 9.804537e+00 -3.330242e+01 -2.349789e+01
914 9.717091e+00 -3.325257e+01 -2.353548e+01
915 9.632143e+00 -3.319984e+01 -2.356770e+01
916 9.555904e+00 -3.314888e+01 -2.359298e+01
917 9.496112e+00 -3.310597e+01 -2.360986e+01
918 9.459148e+00 -3.307659e+01 -2.361744e+01
919 9.447363e+00 -3.306308e+01 -2.361571e+01
920 9.458308e+00 -3.306402e+01 -2.360571e+01
921 9.486048e+00 -3.307537e+01 -2.358932e+01
922 9.523437e+00 -3.309230e+01 -2.356887e+01
923 9.564082e+00 -3.311076e+01 -2.354668e+01
924 9.603223e+00 -3.312808e+01 -2.352485e+01
925 9.637525e+00 -3.314268e+01 -2.350515e+01
926 9.664399e+00 -3.315342e+01 -2.348902e+01
927 9.681455e+00 -3.315911e+01 -2.347766e+01
928 9.686362e+00 -3.315835e+01 -2.347198e+01
929 9.677305e+00 -3.314982e+01 -2.347251e+01
930 9.653877e+00 -3.313309e+01 -2.347922e+01
931 9.617786e+00 -3.310915e+01 -2.349136e+01
932 9.573174e+00 -3.308056e+01 -2.350739e+01
933 9.527154e+00 -3.305201e+01 -2.352486e+01
934 9.489808e+00 -3.303072e+01 -2.354091e+01
935 9.471104e+00 -3.302392e+01 -2.355282e+01
936 9.476246e+00 -3.303450e+01 -2.355826e+01
937 9.505434e+00 -3.306096e+01 -2.355553e+01
938 9.557540e+00 -3.310143e+01 -2.354389e+01
939 9.631303e+00 -3.315478e+01 -2.352348e+01
940 9.723503e+00 -3.321873e+01 -2.349523e+01
941 9.828113e+00 -3.328908e+01 -2.346096e+01
942 9.937337e+00 -3.336064e+01 -2.342330e+01
943 1.004275e+01 -3.342813e+01 -2.338538e+01
944 1.013574e+01 -3.348614e+01 -2.335040e+01
945 1.020809e+01 -3.352938e+01 -2.332130e+01
946 1.025313e+01 -3.355345e+01 -2.330032e+01
947 1.026702e+01 -3.355578e+01 -2.328875e+01
948 1.024953e+01 -3.353620e+01 -2.328667e+01
949 1.020456e+01 -3.349733e+01 -2.329277e+01
950 1.014067e+01 -3.344525e+01 -2.330458e+01
951 1.007043e+01 -3.338934e+01 -2.331891e+01
952 1.000711e+01 -3.333976e+01 -2.333265e+01
953 9.959736e+00 -3.330310e+01 -2.334336e+01
954 9.930562e+00 -3.328016e+01 -2.334960e+01
955 9.917066e+00 -3.326792e+01 -2.335086e+01
956 9.915911e+00 -3.326305e+01 -2.334714e+01
957 9.925681e+00 -3.326419e+01 -2.333851e+01
958 9.947114e+00 -3.327220e+01 -2.332509e+01
959 9.981047e+00 -3.328834e+01 -2.330729e+01
960 1.002567e+01 -3.331179e+01 -2.328613e+01
961 1.007554e+01 -3.333874e+01 -2.326321e+01
962 1.012341e+01 -3.336388e+01 -2.324047e+01
963 1.016342e+01 -3.338309e+01 -2.321967e+01
964 1.019328e+01 -3.339523e+01 -2.320195e+01
965 1.021446e+01 -3.340217e+01 -2.318771e+01
966 1.023040e+01 -3.340722e+01 -2.317682e+01
967 1.024415e+01 -3.341317e+01 -2.316902e+01
968 1.025655e+01 -3.342074e+01 -2.316419e+01
969 1.026585e+01 -3.342833e+01 -2.316248e+01
970 1.026868e+01 -3.343285e+01 -2.316417e+01
971 1.026192e+01 -3.343125e+01 -2.316933e+01
972 1.024462e+01 -3.342210e+01 -2.317748e+01
973 1.021942e+01 -3.340684e+01 -2.318742e+01
974 1.019267e+01 -3.338996e+01 -2.319728e+01
975 1.017301e+01 -3.337795e+01 -2.320494e+01
976 1.016861e+01 -3.337721e+01 -2.320861e+01
977 1.018399e+01 -3.339146e+01 -2.320747e+01
978 1.021754e+01 -3.341953e+01 -2.320199e+01
979 1.026158e+01 -3.345529e+01 -2.319371e+01
980 1.030556e+01 -3.349025e+01 -2.318469e+01
981 1.034086e+01 -3.351745e+01 -2.317659e+01
982 1.036450e+01 -3.353461e+01 -2.317011e+01
983 1.038010e+01 -3.354503e+01 -2.316493e+01
984 1.039400e+01 -3.355447e+01 -2.316048e+01
985 1.040858e+01 -3.356496e+01 -2.315638e+01
986 1.041983e+01 -3.357238e+01 -2.315255e+01
987 1.042274e+01 -3.357179e+01 -2.314904e+01
988 1.041753e+01 -3.356314e+01 -2.314561e+01
989 1.041033e+01 -3.355177e+01 -2.314144e+01
990 1.040945e+01 -3.354507e+01 -2.313562e+01
991 1.042040e+01 -3.354837e+01 -2.312797e+01
992 1.044197e+01 -3.356148e+01 -2.311952e+01
993 1.046605e+01 -3.357847e+01 -2.311242e+01
994 1.048141e+01 -3.359090e+01 -2.310949e+01
995 1.047805e+01 -3.359142e+01 -2.311338e+01
996 1.044958e+01 -3.357538e+01 -2.312579e+01
997 1.039404e+01 -3.354106e+01 -2.314703e+01
998 1.031401e+01 -3.348981e+01 -2.317580e+01
999 1.021663e+01 -3.342603e+01 -2.320940e+01
1000 1.011300e+01 -3.335706e+01 -2.324405e+01
1001 1.001658e+01 -3.329214e+01 -2.327556e+01
1002 9.940362e+00 -3.324049e+01 -2.330013e+01
1003 9.893572e+00 -3.320870e+01 -2.331513e+01
1004 9.879186e+00 -3.319884e+01 -2.331965e+01
1005 9.893613e+00 -3.320818e+01 -2.331457e+01
1006 9.928508e+00 -3.323066e+01 -2.330216e+01
1007 9.973897e+00 -3.325928e+01 -2.328538e+01
1008 1.002134e+01 -3.328853e+01 -2.326719e+01
1009 1.006574e+01 -3.331570e+01 -2.324996e+01
1010 1.010494e+01 -3.334036e+01 -2.323542e+01
1011 1.013790e+01 -3.336262e+01 -2.322473e+01
1012 1.016301e+01 -3.338168e+01 -2.321867e+01
1013 1.017797e+01 -3.339579e+01 -2.321782e+01
1014 1.018096e+01 -3.340346e+01 -2.322250e+01
1015 1.017177e+01 -3.340450e+01 -2.323274e+01
1016 1.015143e+01 -3.339983e+01 -2.324841e+01
1017 1.012072e+01 -3.339007e+01 -2.326935e+01
1018 1.007853e+01 -3.337408e+01 -2.329554e+01
1019 1.002183e+01 -3.334883e+01 -2.332700e+01
1020 9.947373e+00 -3.331078e+01 -2.336341e+01
1021 9.854416e+00 -3.325797e+01 -2.340355e+01
1022 9.747170e+00 -3.319190e+01 -2.344473e+01
1023 9.636778e+00 -3.311923e+01 -2.348245e+01
1024 9.542100e+00 -3.305291e+01 -2.351081e+01
1025 9.486852e+00 -3.301073e+01 -2.352388e+01
1026 9.490594e+00 -3.300826e+01 -2.351767e+01
1027 9.557643e+00 -3.304914e+01 -2.349150e+01
1028 9.673919e+00 -3.312241e+01 -2.344849e+01
1029 9.814469e+00 -3.320922e+01 -2.339475e+01
1030 9.954307e+00 -3.329181e+01 -2.333750e+01
1031 1.007573e+01 -3.335894e+01 -2.328321e+01
1032 1.017028e+01 -3.340680e+01 -2.323652e+01
1033 1.023676e+01 -3.343676e+01 -2.320000e+01
1034 1.027804e+01 -3.345250e+01 -2.317447e+01
1035 1.029865e+01 -3.345814e+01 -2.315949e+01
1036 1.030330e+01 -3.345727e+01 -2.315396e+01
1037 1.029576e+01 -3.345218e+01 -2.315641e+01
1038 1.027814e+01 -3.344336e+01 -2.316521e+01
1039 1.025120e+01 -3.342976e+01 -2.317857e+01
1040 1.021593e+01 -3.341027e+01 -2.319435e+01
1041 1.017571e+01 -3.338564e+01 -2.320993e+01
1042 1.013760e+01 -3.335983e+01 -2.322223e+01
1043 1.011181e+01 -3.333987e+01 -2.322806e+01
1044 1.010846e+01 -3.333343e+01 -2.322497e+01
1045 1.013322e+01 -3.334510e+01 -2.321188e+01
1046 1.018477e+01 -3.337431e+01 -2.318954e+01
1047 1.025598e+01 -3.341651e+01 -2.316053e+01
1048 1.033630e+01 -3.346519e+01 -2.312889e+01
1049 1.041311e+01 -3.351255e+01 -2.309943e+01
1050 1.047276e+01 -3.354982e+01 -2.307706e+01
1051 1.050253e+01 -3.356857e+01 -2.306604e+01
1052 1.049350e+01 -3.356277e+01 -2.306927e+01
1053 1.044320e+01 -3.353085e+01 -2.308765e+01
1054 1.035694e+01 -3.347682e+01 -2.311988e+01
1055 1.024679e+01 -3.340957e+01 -2.316278e+01
1056 1.012764e+01 -3.333965e+01 -2.321200e+01
1057 1.001257e+01 -3.327523e+01 -2.326266e+01
1058 9.911625e+00 -3.322158e+01 -2.330995e+01
1059 9.832866e+00 -3.318289e+01 -2.335002e+01
1060 9.780981e+00 -3.316114e+01 -2.338016e+01
1061 9.755953e+00 -3.315476e+01 -2.339881e+01
1062 9.755808e+00 -3.316145e+01 -2.340564e+01
1063 9.779654e+00 -3.318124e+01 -2.340159e+01
1064 9.826021e+00 -3.321500e+01 -2.338898e+01
1065 9.887691e+00 -3.325922e+01 -2.337153e+01
1066 9.949847e+00 -3.330369e+01 -2.335384e+01
1067 9.995905e+00 -3.333646e+01 -2.334056e+01
1068 1.001532e+01 -3.335069e+01 -2.333537e+01
1069 1.000588e+01 -3.334609e+01 -2.334022e+01
1070 9.970637e+00 -3.332583e+01 -2.335519e+01
1071 9.914272e+00 -3.329322e+01 -2.337894e+01
1072 9.841897e+00 -3.325095e+01 -2.340906e+01
1073 9.760201e+00 -3.320249e+01 -2.344229e+01
1074 9.678625e+00 -3.315347e+01 -2.347485e+01
1075 9.608323e+00 -3.311111e+01 -2.350279e+01
1076 9.559259e+00 -3.308178e+01 -2.352252e+01
1077 9.538036e+00 -3.306938e+01 -2.353134e+01
1078 9.547546e+00 -3.307547e+01 -2.352793e+01
1079 9.586926e+00 -3.309943e+01 -2.351250e+01
1080 9.650912e+00 -3.313775e+01 -2.348684e+01
1081 9.729806e+00 -3.318373e+01 -2.345393e+01
1082 9.811251e+00 -3.322869e+01 -2.341744e+01
1083 9.883460e+00 -3.326434e+01 -2.338088e+01
1084 9.938666e+00 -3.328548e+01 -2.334682e+01
1085 9.975535e+00 -3.329190e+01 -2.331636e+01
1086 9.999412e+00 -3.328858e+01 -2.328917e+01
1087 1.001960e+01 -3.328361e+01 -2.326401e+01
1088 1.004444e+01 -3.328400e+01 -2.323956e+01
1089 1.007736e+01 -3.329237e+01 -2.321501e+01
1090 1.011666e+01 -3.330693e+01 -2.319027e+01
1091 1.015866e+01 -3.332450e+01 -2.316584e+01
1092 1.020145e+01 -3.334379e+01 -2.314235e+01
1093 1.024634e+01 -3.336688e+01 -2.312054e+01
1094 1.029532e+01 -3.339699e+01 -2.310167e+01
1095 1.034530e+01 -3.343309e+01 -2.308779e+01
1096 1.038563e+01 -3.346712e+01 -2.308148e+01
1097 1.040281e+01 -3.348817e+01 -2.308536e+01
1098 1.038782e+01 -3.348895e+01 -2.310113e+01
1099 1.033940e+01 -3.346831e+01 -2.312891e+01
1100 1.026224e+01 -3.342937e+01 -2.316714e+01
1101 1.016333e+01 -3.337625e+01 -2.321292e+01
1102 1.004963e+01 -3.331219e+01 -2.326256e+01
1103 9.928509e+00 -3.324021e+01 -2.331170e+01
1104 9.810117e+00 -3.316548e+01 -2.335537e+01
1105 9.709571e+00 -3.309768e+01 -2.338811e+01
1106 9.646386e+00 -3.305107e+01 -2.340469e+01
1107 9.639039e+00 -3.304043e+01 -2.340139e+01
1108 9.695968e+00 -3.307329e+01 -2.337732e+01
1109 9.809594e+00 -3.314451e+01 -2.333492e+01
1110 9.959243e+00 -3.323891e+01 -2.327967e+01
1111 1.012015e+01 -3.333897e+01 -2.321883e+01
1112 1.027113e+01 -3.343089e+01 -2.315976e+01
1113 1.039752e+01 -3.350623e+01 -2.310871e+01
1114 1.049069e+01 -3.356093e+01 -2.307023e+01
1115 1.054628e+01 -3.359343e+01 -2.304715e+01
1116 1.056272e+01 -3.360342e+01 -2.304070e+01
1117 1.054090e+01 -3.359156e+01 -2.305067e+01
1118 1.048427e+01 -3.355981e+01 -2.307555e+01
1119 1.039897e+01 -3.351159e+01 -2.311262e+01
1120 1.029375e+01 -3.345191e+01 -2.315816e+01
1121 1.017976e+01 -3.338752e+01 -2.320776e+01
1122 1.006950e+01 -3.332642e+01 -2.325692e+01
1123 9.974378e+00 -3.327603e+01 -2.330165e+01
1124 9.901763e+00 -3.324072e+01 -2.333896e+01
1125 9.853843e+00 -3.322094e+01 -2.336710e+01
1126 9.828860e+00 -3.321429e+01 -2.338543e+01
1127 9.823519e+00 -3.321757e+01 -2.339405e+01
1128 9.834877e+00 -3.322831e+01 -2.339344e+01
1129 9.860967e+00 -3.324521e+01 -2.338425e+01
1130 9.900218e+00 -3.326756e+01 -2.336734e+01
1131 9.950433e+00 -3.329431e+01 -2.334388e+01
1132 1.000839e+01 -3.332375e+01 -2.331535e+01
1133 1.007043e+01 -3.335397e+01 -2.328354e+01
1134 1.013314e+01 -3.338352e+01 -2.325038e+01
1135 1.019345e+01 -3.341129e+01 -2.321784e+01
1136 1.024812e+01 -3.343590e+01 -2.318778e+01
1137 1.029345e+01 -3.345530e+01 -2.316185e+01
1138 1.032589e+01 -3.346714e+01 -2.314125e+01
1139 1.034316e+01 -3.346971e+01 -2.312655e+01
1140 1.034534e+01 -3.346289e+01 -2.311755e+01
1141 1.033523e+01 -3.344854e+01 -2.311331e+01
1142 1.031771e+01 -3.343010e+01 -2.311239e+01
1143 1.029848e+01 -3.341167e+01 -2.311319e+01
1144 1.028257e+01 -3.339692e+01 -2.311436e+01
1145 1.027327e+01 -3.338834e+01 -2.311507e+01
1146 1.027158e+01 -3.338682e+01 -2.311524e+01
1147 1.027596e+01 -3.339145e+01 -2.311550e+01
1148 1.028230e+01 -3.339941e+01 -2.311711e+01
1149 1.028459e+01 -3.340620e+01 -2.312161e+01
1150 1.027635e+01 -3.340670e+01 -2.313035e+01
1151 1.025319e+01 -3.339704e+01 -2.314385e+01
1152 1.021555e+01 -3.337690e+01 -2.316135e+01
1153 1.017014e+01 -3.335095e+01 -2.318080e+01
1154 1.012819e+01 -3.332760e+01 -2.319940e+01
1155 1.010067e+01 -3.331510e+01 -2.321444e+01
1156 1.009309e+01 -3.331721e+01 -2.322412e+01
1157 1.010364e+01 -3.333157e+01 -2.322794e+01
1158 1.012560e+01 -3.335207e+01 -2.322647e+01
1159 1.015199e+01 -3.337270e+01 -2.322071e+01
1160 1.017882e+01 -3.339023e+01 -2.321140e+01
1161 1.020601e+01 -3.340460e+01 -2.319859e+01
1162 1.023670e+01 -3.341839e+01 -2.318169e+01
1163 1.027578e+01 -3.343561e+01 -2.315983e+01
1164 1.032778e+01 -3.346016e+01 -2.313238e+01
1165 1.039490e+01 -3.349430e+01 -2.309940e+01
1166 1.047595e+01 -3.353789e+01 -2.306194e+01
1167 1.056640e+01 -3.358853e+01 -2.302213e+01
1168 1.065904e+01 -3.364209e+01 -2.298305e+01
1169 1.074473e+01 -3.369317e+01 -2.294844e+01
1170 1.081304e+01 -3.373534e+01 -2.292229e+01
1171 1.085325e+01 -3.376158e+01 -2.290833e+01
1172 1.085608e+01 -3.376549e+01 -2.290941e+01
1173 1.081587e+01 -3.374285e+01 -2.292697e+01
1174 1.073227e+01 -3.369288e+01 -2.296060e+01
1175 1.061075e+01 -3.361869e+01 -2.300794e+01
1176 1.046196e+01 -3.352674e+01 -2.306478e+01
1177 1.030045e+01 -3.342600e+01 -2.312554e+01
1178 1.014357e+01 -3.332734e+01 -2.318377e+01
1179 1.001017e+01 -3.324312e+01 -2.323295e+01
1180 9.918269e+00 -3.318573e+01 -2.326746e+01
1181 9.880876e+00 -3.316445e+01 -2.328357e+01
1182 9.901704e+00 -3.318182e+01 -2.328012e+01
1183 9.973801e+00 -3.323259e+01 -2.325879e+01
1184 1.008214e+01 -3.330595e+01 -2.322381e+01
1185 1.020785e+01 -3.338899e+01 -2.318114e+01
1186 1.033158e+01 -3.346907e+01 -2.313750e+01
1187 1.043570e+01 -3.353509e+01 -2.309939e+01
1188 1.050618e+01 -3.357850e+01 -2.307231e+01
1189 1.053409e+01 -3.359430e+01 -2.306021e+01
1190 1.051647e+01 -3.358149e+01 -2.306502e+01
1191 1.045603e+01 -3.354269e+01 -2.308667e+01
1192 1.036017e+01 -3.348328e+01 -2.312311e+01
1193 1.023962e+01 -3.341040e+01 -2.317077e+01
1194 1.010717e+01 -3.333211e+01 -2.322495e+01
1195 9.976448e+00 -3.325684e+01 -2.328039e+01
1196 9.860517e+00 -3.319249e+01 -2.333198e+01
1197 9.770071e+00 -3.314532e+01 -2.337525e+01
1198 9.712172e+00 -3.311908e+01 -2.340691e+01
1199 9.690251e+00 -3.311536e+01 -2.342511e+01
1200 9.704600e+00 -3.313433e+01 -2.342973e+01
1201 9.751488e+00 -3.317396e+01 -2.342247e+01
1202 9.821186e+00 -3.322789e+01 -2.340670e+01
1203 9.898455e+00 -3.328517e+01 -2.338672e+01
1204 9.967366e+00 -3.333421e+01 -2.336684e+01
1205 1.001712e+01 -3.336751e+01 -2.335039e+01
1206 1.004477e+01 -3.338368e+01 -2.333892e+01
1207 1.005421e+01 -3.338630e+01 -2.333209e+01
1208 1.005327e+01 -3.338145e+01 -2.332818e+01
1209 1.005054e+01 -3.337530e+01 -2.332476e+01
1210 1.005318e+01 -3.337259e+01 -2.331941e+01
1211 1.006569e+01 -3.337592e+01 -2.331023e+01
1212 1.008981e+01 -3.338594e+01 -2.329613e+01
1213 1.012512e+01 -3.340201e+01 -2.327689e+01
1214 1.016958e+01 -3.342265e+01 -2.325307e+01
1215 1.021993e+01 -3.344581e+01 -2.322588e+01
1216 1.027235e+01 -3.346921e+01 -2.319686e+01
1217 1.032359e+01 -3.349122e+01 -2.316763e+01
1218 1.037194e+01 -3.351163e+01 -2.313968e+01
1219 1.041741e+01 -3.353183e+01 -2.311442e+01
1220 1.046018e+01 -3.355350e+01 -2.309332e+01
1221 1.049803e+01 -3.357616e+01 -2.307814e+01
1222 1.052467e+01 -3.359556e+01 -2.307090e+01
1223 1.053123e+01 -3.360472e+01 -2.307349e+01
1224 1.051009e+01 -3.359717e+01 -2.308709e+01
1225 1.045827e+01 -3.356978e+01 -2.311151e+01
1226 1.037902e+01 -3.352382e+01 -2.314480e+01
1227 1.028172e+01 -3.346497e+01 -2.318325e+01
1228 1.018090e+01 -3.340282e+01 -2.322192e+01
1229 1.009379e+01 -3.334937e+01 -2.325557e+01
1230 1.003618e+01 -3.331594e+01 -2.327975e+01
1231 1.001751e+01 -3.330937e+01 -2.329186e+01
1232 1.003766e+01 -3.332938e+01 -2.329173e+01
1233 1.008712e+01 -3.336873e+01 -2.328160e+01
1234 1.015061e+01 -3.341602e+01 -2.326541e+01
1235 1.021214e+01 -3.345980e+01 -2.324766e+01
1236 1.025947e+01 -3.349185e+01 -2.323238e+01
1237 1.028605e+01 -3.350854e+01 -2.322249e+01
1238 1.029060e+01 -3.351012e+01 -2.321951e+01
1239 1.027532e+01 -3.349914e+01 -2.322382e+01
1240 1.024407e+01 -3.347899e+01 -2.323492e+01
1241 1.020098e+01 -3.345288e+01 -2.325189e+01
1242 1.014972e+01 -3.342330e+01 -2.327358e+01
1243 1.009321e+01 -3.339199e+01 -2.329879e+01
1244 1.003392e+01 -3.336024e+01 -2.332632e+01
1245 9.974216e+00 -3.332922e+01 -2.335501e+01
1246 9.916347e+00 -3.330013e+01 -2.338378e+01
1247 9.862138e+00 -3.327388e+01 -2.341174e+01
1248 9.812322e+00 -3.325054e+01 -2.343821e+01
1249 9.766363e+00 -3.322906e+01 -2.346269e+01
1250 9.723448e+00 -3.320813e+01 -2.348468e+01
1251 9.684253e+00 -3.318779e+01 -2.350354e+01
1252 9.651787e+00 -3.317025e+01 -2.351846e+01
1253 9.630005e+00 -3.315877e+01 -2.352877e+01
1254 9.620898e+00 -3.315510e+01 -2.353420e+01
1255 9.622469e+00 -3.315758e+01 -2.353511e+01
1256 9.629677e+00 -3.316194e+01 -2.353226e+01
1257 9.638330e+00 -3.316459e+01 -2.352626e+01
1258 9.649257e+00 -3.316651e+01 -2.351725e+01
1259 9.668371e+00 -3.317353e+01 -2.350515e+01
1260 9.700505e+00 -3.319073e+01 -2.349022e+01
1261 9.743109e+00 -3.321642e+01 -2.347331e+01
1262 9.787730e+00 -3.324378e+01 -2.345605e+01
1263 9.826340e+00 -3.326693e+01 -2.344059e+01
1264 9.854536e+00 -3.328340e+01 -2.342886e+01
1265 9.870508e+00 -3.329274e+01 -2.342223e+01
1266 9.873264e+00 -3.329462e+01 -2.342136e+01
1267 9.862350e+00 -3.328855e+01 -2.342620e+01
1268 9.838931e+00 -3.327482e+01 -2.343589e+01
1269 9.806784e+00 -3.325550e+01 -2.344871e+01
1270 9.772087e+00 -3.323440e+01 -2.346232e+01
1271 9.742028e+00 -3.321608e+01 -2.347406e+01
1272 9.722993e+00 -3.320451e+01 -2.348152e+01
1273 9.719140e+00 -3.320203e+01 -2.348288e+01
1274 9.731960e+00 -3.320907e+01 -2.347711e+01
1275 9.760987e+00 -3.322485e+01 -2.346387e+01
1276 9.804993e+00 -3.324836e+01 -2.344336e+01
1277 9.862666e+00 -3.327893e+01 -2.341626e+01
1278 9.932312e+00 -3.331594e+01 -2.338363e+01
1279 1.001114e+01 -3.335810e+01 -2.334696e+01
1280 1.009492e+01 -3.340317e+01 -2.330825e+01
1281 1.017816e+01 -3.344812e+01 -2.326996e+01
1282 1.025425e+01 -3.348917e+01 -2.323492e+01
1283 1.031567e+01 -3.352178e+01 -2.320610e+01
1284 1.035452e+01 -3.354078e+01 -2.318627e+01
1285 1.036365e+01 -3.354117e+01 -2.317753e+01
1286 1.033873e+01 -3.351950e+01 -2.318077e+01
1287 1.028074e+01 -3.347596e+01 -2.319522e+01
1288 1.019771e+01 -3.341606e+01 -2.321835e+01
1289 1.010392e+01 -3.335027e+01 -2.324636e+01
1290 1.001547e+01 -3.329059e+01 -2.327512e+01
1291 9.944361e+00 -3.324556e+01 -2.330119e+01
1292 9.895024e+00 -3.321750e+01 -2.332247e+01
1293 9.865738e+00 -3.320402e+01 -2.333828e+01
1294 9.852329e+00 -3.320143e+01 -2.334910e+01
1295 9.850684e+00 -3.320664e+01 -2.335595e+01
1296 9.857623e+00 -3.321756e+01 -2.335994e+01
1297 9.871067e+00 -3.323310e+01 -2.336204e+01
1298 9.889538e+00 -3.325260e+01 -2.336306e+01
1299 9.911312e+00 -3.327493e+01 -2.336362e+01
1300 9.934165e+00 -3.329837e+01 -2.336420e+01
1301 9.955761e+00 -3.332107e+01 -2.336531e+01
1302 9.973772e+00 -3.334128e+01 -2.336751e+01
1303 9.985404e+00 -3.335694e+01 -2.337154e+01
1304 9.987008e+00 -3.336522e+01 -2.337822e+01
1305 9.974560e+00 -3.336283e+01 -2.338827e+01
1306 9.945178e+00 -3.334714e+01 -2.340196e+01
1307 9.899140e+00 -3.331789e+01 -2.341875e+01
1308 9.841369e+00 -3.327847e+01 -2.343710e+01
1309 9.781267e+00 -3.323598e+01 -2.345471e+01
1310 9.730407e+00 -3.319947e+01 -2.346906e+01
1311 9.698630e+00 -3.317689e+01 -2.347826e+01
1312 9.690045e+00 -3.317164e+01 -2.348160e+01
1313 9.701501e+00 -3.318120e+01 -2.347970e+01
1314 9.724687e+00 -3.319888e+01 -2.347419e+01
1315 9.750118e+00 -3.321712e+01 -2.346700e+01
1316 9.771062e+00 -3.323056e+01 -2.345950e+01
1317 9.786242e+00 -3.323836e+01 -2.345212e+01
1318 9.799732e+00 -3.324420e+01 -2.344447e+01
1319 9.817462e+00 -3.325337e+01 -2.343591e+01
1320 9.842036e+00 -3.326831e+01 -2.342628e+01
1321 9.869576e+00 -3.328574e+01 -2.341617e+01
1322 9.891595e+00 -3.329824e+01 -2.340665e+01
1323 9.900769e+00 -3.329935e+01 -2.339858e+01
1324 9.895859e+00 -3.328775e+01 -2.339189e+01
1325 9.882621e+00 -3.326787e+01 -2.338525e+01
1326 9.871468e+00 -3.324783e+01 -2.337637e+01
1327 9.873992e+00 -3.323676e+01 -2.336277e+01
1328 9.899344e+00 -3.324210e+01 -2.334276e+01
1329 9.950984e+00 -3.326701e+01 -2.331603e+01
1330 1.002518e+01 -3.330906e+01 -2.328388e+01
1331 1.011236e+01 -3.336134e+01 -2.324898e+01
1332 1.020035e+01 -3.341502e+01 -2.321466e+01
1333 1.027764e+01 -3.346180e+01 -2.318416e+01
1334 1.033593e+01 -3.349574e+01 -2.315981e+01
1335 1.037183e+01 -3.351461e+01 -2.314278e+01
1336 1.038665e+01 -3.351976e+01 -2.313311e+01
1337 1.038425e+01 -3.351426e+01 -2.313001e+01
1338 1.036851e+01 -3.350084e+01 -2.313233e+01
1339 1.034199e+01 -3.348088e+01 -2.313889e+01
1340 1.030633e+01 -3.345485e+01 -2.314853e+01
1341 1.026354e+01 -3.342353e+01 -2.315999e+01
1342 1.021739e+01 -3.338925e+01 -2.317186e+01
1343 1.017341e+01 -3.335599e+01 -2.318258e+01
1344 1.013758e+01 -3.332823e+01 -2.319064e+01
1345 1.011471e+01 -3.330958e+01 -2.319487e+01
1346 1.010753e+01 -3.330214e+01 -2.319461e+01
1347 1.011653e+01 -3.330646e+01 -2.318993e+01
1348 1.014002e+01 -3.332158e+01 -2.318156e+01
1349 1.017426e+01 -3.334508e+01 -2.317083e+01
1350 1.021396e+01 -3.337341e+01 -2.315945e+01
1351 1.025302e+01 -3.340236e+01 -2.314934e+01
1352 1.028541e+01 -3.342770e+01 -2.314229e+01
1353 1.030604e+01 -3.344585e+01 -2.313980e+01
1354 1.031151e+01 -3.345437e+01 -2.314286e+01
1355 1.030024e+01 -3.345208e+01 -2.315183e+01
1356 1.027268e+01 -3.343897e+01 -2.316630e+01
1357 1.023157e+01 -3.341659e+01 -2.318502e+01
1358 1.018239e+01 -3.338840e+01 -2.320601e+01
1359 1.013283e+01 -3.335959e+01 -2.322676e+01
1360 1.009131e+01 -3.333589e+01 -2.324459e+01
1361 1.006500e+01 -3.332216e+01 -2.325716e+01
1362 1.005802e+01 -3.332086e+01 -2.326284e+01
1363 1.007097e+01 -3.333188e+01 -2.326091e+01
1364 1.010213e+01 -3.335361e+01 -2.325149e+01
1365 1.014877e+01 -3.338431e+01 -2.323554e+01
1366 1.020710e+01 -3.342182e+01 -2.321472e+01
1367 1.027121e+01 -3.346247e+01 -2.319126e+01
1368 1.033307e+01 -3.350088e+01 -2.316781e+01
1369 1.038415e+01 -3.353125e+01 -2.314710e+01
1370 1.041759e+01 -3.354914e+01 -2.313155e+01
1371 1.042972e+01 -3.355259e+01 -2.312287e+01
1372 1.042048e+01 -3.354240e+01 -2.312192e+01
1373 1.039261e+01 -3.352137e+01 -2.312876e+01
1374 1.035021e+01 -3.349294e+01 -2.314273e+01
1375 1.029779e+01 -3.346047e+01 -2.316268e+01
1376 1.023998e+01 -3.342742e+01 -2.318744e+01
1377 1.017953e+01 -3.339560e+01 -2.321607e+01
1378 1.011507e+01 -3.336287e+01 -2.324780e+01
1379 1.004320e+01 -3.332489e+01 -2.328169e+01
1380 9.963616e+00 -3.327984e+01 -2.331623e+01
1381 9.882566e+00 -3.323141e+01 -2.334884e+01
1382 9.812432e+00 -3.318861e+01 -2.337617e+01
1383 9.767409e+00 -3.316244e+01 -2.339503e+01
1384 9.756517e+00 -3.315999e+01 -2.340347e+01
1385 9.778874e+00 -3.318027e+01 -2.340140e+01
1386 9.825758e+00 -3.321619e+01 -2.339043e+01
1387 9.886847e+00 -3.326029e+01 -2.337345e+01
1388 9.953734e+00 -3.330756e+01 -2.335383e+01
1389 1.001850e+01 -3.335343e+01 -2.333493e+01
1390 1.007169e+01 -3.339137e+01 -2.331968e+01
1391 1.010411e+01 -3.341425e+01 -2.331014e+01
1392 1.011091e+01 -3.341803e+01 -2.330712e+01
1393 1.009404e+01 -3.340379e+01 -2.330975e+01
1394 1.006181e+01 -3.337740e+01 -2.331559e+01
1395 1.002677e+01 -3.334795e+01 -2.332118e+01
1396 1.000269e+01 -3.332575e+01 -2.332306e+01
1397 1.000021e+01 -3.331901e+01 -2.331879e+01
1398 1.002219e+01 -3.332983e+01 -2.330764e+01
1399 1.006270e+01 -3.335312e+01 -2.329043e+01
1400 1.011170e+01 -3.338085e+01 -2.326915e+01
1401 1.016097e+01 -3.340725e+01 -2.324628e+01
1402 1.020603e+01 -3.343015e+01 -2.322412e+01
1403 1.024463e+01 -3.344926e+01 -2.320463e+01
1404 1.027441e+01 -3.346394e+01 -2.318953e+01
1405 1.029194e+01 -3.347231e+01 -2.318037e+01
1406 1.029346e+01 -3.347184e+01 -2.317837e+01
1407 1.027642e+01 -3.346061e+01 -2.318419e+01
1408 1.024063e+01 -3.343831e+01 -2.319768e+01
1409 1.018855e+01 -3.340633e+01 -2.321779e+01
1410 1.012484e+01 -3.336744e+01 -2.324260e+01
1411 1.005592e+01 -3.332540e+01 -2.326948e+01
1412 9.989724e+00 -3.328504e+01 -2.329531e+01
1413 9.935470e+00 -3.325230e+01 -2.331683e+01
1414 9.903031e+00 -3.323413e+01 -2.333110e+01
1415 9.900802e+00 -3.323709e+01 -2.333629e+01
1416 9.931269e+00 -3.326360e+01 -2.333233e+01
1417 9.987560e+00 -3.330844e+01 -2.332088e+01
1418 1.005649e+01 -3.336134e+01 -2.330486e+01
1419 1.012560e+01 -3.341343e+01 -2.328783e+01
1420 1.018649e+01 -3.345964e+01 -2.327315e+01
1421 1.023333e+01 -3.349676e+01 -2.326343e+01
1422 1.026130e+01 -3.352177e+01 -2.326047e+01
1423 1.026696e+01 -3.353224e+01 -2.326528e+01
1424 1.024921e+01 -3.352728e+01 -2.327807e+01
1425 1.020954e+01 -3.350767e+01 -2.329813e+01
1426 1.015177e+01 -3.347567e+01 -2.332390e+01
1427 1.008181e+01 -3.343486e+01 -2.335305e+01
1428 1.000760e+01 -3.339026e+01 -2.338266e+01
1429 9.938489e+00 -3.334801e+01 -2.340953e+01
1430 9.883928e+00 -3.331452e+01 -2.343060e+01
1431 9.851563e+00 -3.329500e+01 -2.344344e+01
1432 9.845614e+00 -3.329224e+01 -2.344662e+01
1433 9.866315e+00 -3.330622e+01 -2.343991e+01
1434 9.910437e+00 -3.333465e+01 -2.342421e+01
1435 9.972142e+00 -3.337358e+01 -2.340143e+01
1436 1.004366e+01 -3.341780e+01 -2.337413e+01
1437 1.011608e+01 -3.346131e+01 -2.334523e+01
1438 1.018045e+01 -3.349808e+01 -2.331763e+01
1439 1.022909e+01 -3.352301e+01 -2.329392e+01
1440 1.025646e+01 -3.353248e+01 -2.327602e+01
1441 1.025967e+01 -3.352455e+01 -2.326487e+01
1442 1.023897e+01 -3.349920e+01 -2.326022e+01
1443 1.019856e+01 -3.345903e+01 -2.326047e+01
1444 1.014712e+01 -3.340993e+01 -2.326282e+01
1445 1.009719e+01 -3.336084e+01 -2.326365e+01
1446 1.006253e+01 -3.332180e+01 -2.325927e+01
1447 1.005425e+01 -3.330098e+01 -2.324673e+01
1448 1.007762e+01 -3.330207e+01 -2.322445e+01
1449 1.013116e+01 -3.332371e+01 -2.319255e+01
1450 1.020801e+01 -3.336068e+01 -2.315267e+01
1451 1.029834e+01 -3.340588e+01 -2.310754e+01
1452 1.039192e+01 -3.345223e+01 -2.306031e+01
1453 1.048059e+01 -3.349462e+01 -2.301403e+01
1454 1.055965e+01 -3.353101e+01 -2.297136e+01
1455 1.062712e+01 -3.356168e+01 -2.293456e+01
1456 1.068143e+01 -3.358710e+01 -2.290567e+01
1457 1.071958e+01 -3.360615e+01 -2.288657e+01
1458 1.073748e+01 -3.361646e+01 -2.287897e+01
1459 1.073160e+01 -3.361580e+01 -2.288420e+01
1460 1.069981e+01 -3.360276e+01 -2.290296e+01
1461 1.064107e+01 -3.357606e+01 -2.293500e+01
1462 1.055550e+01 -3.353440e+01 -2.297890e+01
1463 1.044614e+01 -3.347797e+01 -2.303182e+01
1464 1.032134e+01 -3.341083e+01 -2.308949e+01
1465 1.019536e+01 -3.334184e+01 -2.314647e+01
1466 1.008576e+01 -3.328280e+01 -2.319704e+01
1467 1.000821e+01 -3.324450e+01 -2.323629e+01
1468 9.971612e+00 -3.323277e+01 -2.326116e+01
1469 9.976027e+00 -3.324699e+01 -2.327096e+01
1470 1.001427e+01 -3.328156e+01 -2.326728e+01
1471 1.007531e+01 -3.332863e+01 -2.325331e+01
1472 1.014742e+01 -3.338046e+01 -2.323304e+01
1473 1.022002e+01 -3.343058e+01 -2.321056e+01
1474 1.028429e+01 -3.347390e+01 -2.318961e+01
1475 1.033322e+01 -3.350653e+01 -2.317331e+01
1476 1.036166e+01 -3.352563e+01 -2.316397e+01
1477 1.036683e+01 -3.352982e+01 -2.316300e+01
1478 1.034865e+01 -3.351945e+01 -2.317081e+01
1479 1.030957e+01 -3.349648e+01 -2.318692e+01
1480 1.025356e+01 -3.346362e+01 -2.321005e+01
1481 1.018537e+01 -3.342364e+01 -2.323827e+01
1482 1.011082e+01 -3.337988e+01 -2.326907e+01
1483 1.003780e+01 -3.333740e+01 -2.329960e+01
1484 9.975770e+00 -3.330285e+01 -2.332708e+01
1485 9.932770e+00 -3.328210e+01 -2.334933e+01
1486 9.911823e+00 -3.327702e+01 -2.336519e+01
1487 9.909718e+00 -3.328439e+01 -2.337467e+01
1488 9.919518e+00 -3.329802e+01 -2.337851e+01
1489 9.935102e+00 -3.331266e+01 -2.337755e+01
1490 9.954589e+00 -3.332681e+01 -2.337222e+01
1491 9.980425e+00 -3.334280e+01 -2.336237e+01
1492 1.001640e+01 -3.336412e+01 -2.334772e+01
1493 1.006416e+01 -3.339243e+01 -2.332826e+01
1494 1.012181e+01 -3.342651e+01 -2.330470e+01
1495 1.018471e+01 -3.346322e+01 -2.327852e+01
1496 1.024707e+01 -3.349889e+01 -2.325182e+01
1497 1.030283e+01 -3.352994e+01 -2.322711e+01
1498 1.034580e+01 -3.355281e+01 -2.320701e+01
1499 1.036979e+01 -3.356381e+01 -2.319402e+01
1500 1.036934e+01 -3.355953e+01 -2.319019e+01
1501 1.034101e+01 -3.353778e+01 -2.319677e+01
1502 1.028453e+01 -3.349844e+01 -2.321390e+01
1503 1.020314e+01 -3.344363e+01 -2.324049e+01
1504 1.010315e+01 -3.337737e+01 -2.327421e+01
1505 9.993119e+00 -3.330484e+01 -2.331172e+01
1506 9.883118e+00 -3.323210e+01 -2.334898e+01
1507 9.784374e+00 -3.316605e+01 -2.338167e+01
1508 9.708600e+00 -3.311437e+01 -2.340577e+01
1509 9.666309e+00 -3.308445e+01 -2.341814e+01
1510 9.664090e+00 -3.308136e+01 -2.341727e+01
1511 9.701987e+00 -3.310563e+01 -2.340364e+01
1512 9.772305e+00 -3.315225e+01 -2.337995e+01
1513 9.860526e+00 -3.321116e+01 -2.335064e+01
1514 9.948436e+00 -3.326949e+01 -2.332105e+01
1515 1.001882e+01 -3.331511e+01 -2.329629e+01
1516 1.005995e+01 -3.334012e+01 -2.328017e+01
1517 1.006798e+01 -3.334261e+01 -2.327463e+01
1518 1.004650e+01 -3.332606e+01 -2.327956e+01
1519 1.000387e+01 -3.329715e+01 -2.329328e+01
1520 9.949970e+00 -3.326313e+01 -2.331316e+01
1521 9.893427e+00 -3.322974e+01 -2.333631e+01
1522 9.840640e+00 -3.320061e+01 -2.335997e+01
1523 9.796448e+00 -3.317815e+01 -2.338170e+01
1524 9.765292e+00 -3.316486e+01 -2.339957e+01
1525 9.751286e+00 -3.316349e+01 -2.341220e+01
1526 9.756813e+00 -3.317590e+01 -2.341908e+01
1527 9.780713e+00 -3.320147e+01 -2.342076e+01
1528 9.817479e+00 -3.323637e+01 -2.341890e+01
1529 9.858140e+00 -3.327416e+01 -2.341602e+01
1530 9.892531e+00 -3.330756e+01 -2.341503e+01
1531 9.911973e+00 -3.333044e+01 -2.341847e+01
1532 9.911320e+00 -3.333936e+01 -2.342804e+01
1533 9.889839e+00 -3.333406e+01 -2.344422e+01
1534 9.850906e+00 -3.331716e+01 -2.346626e+01
1535 9.800715e+00 -3.329314e+01 -2.349243e+01
1536 9.746517e+00 -3.326695e+01 -2.352043e+01
1537 9.695038e+00 -3.324287e+01 -2.354783e+01
1538 9.651528e+00 -3.322396e+01 -2.357243e+01
1539 9.619319e+00 -3.321187e+01 -2.359255e+01
1540 9.599670e+00 -3.320678e+01 -2.360711e+01
1541 9.592100e+00 -3.320773e+01 -2.361563e+01
1542 9.595333e+00 -3.321337e+01 -2.361803e+01
1543 9.608199e+00 -3.322282e+01 -2.361462e+01
1544 9.629540e+00 -3.323553e+01 -2.360599e+01
1545 9.657409e+00 -3.325037e+01 -2.359296e+01
1546 9.688947e+00 -3.326547e+01 -2.357653e+01
1547 9.721555e+00 -3.327930e+01 -2.355774e+01
1548 9.754163e+00 -3.329180e+01 -2.353763e+01
1549 9.786938e+00 -3.330415e+01 -2.351721e+01
1550 9.819583e+00 -3.331708e+01 -2.349750e+01
1551 9.850035e+00 -3.332961e+01 -2.347958e+01
1552 9.874817e+00 -3.333928e+01 -2.346446e+01
1553 9.890413e+00 -3.334331e+01 -2.345290e+01
1554 9.894663e+00 -3.333962e+01 -2.344495e+01
1555 9.887881e+00 -3.332765e+01 -2.343977e+01
1556 9.873657e+00 -3.330914e+01 -2.343548e+01
1557 9.858978e+00 -3.328837e+01 -2.342939e+01
1558 9.853298e+00 -3.327173e+01 -2.341843e+01
1559 9.866561e+00 -3.326639e+01 -2.339983e+01
1560 9.906387e+00 -3.327839e+01 -2.337200e+01
1561 9.974862e+00 -3.331010e+01 -2.333523e+01
1562 1.006599e+01 -3.335797e+01 -2.329198e+01
1563 1.016578e+01 -3.341220e+01 -2.324642e+01
1564 1.025636e+01 -3.345976e+01 -2.320341e+01
1565 1.032246e+01 -3.348971e+01 -2.316725e+01
1566 1.035652e+01 -3.349706e+01 -2.314055e+01
1567 1.035991e+01 -3.348364e+01 -2.312373e+01
1568 1.034109e+01 -3.345632e+01 -2.311523e+01
1569 1.031193e+01 -3.342423e+01 -2.311230e+01
1570 1.028389e+01 -3.339575e+01 -2.311186e+01
1571 1.026532e+01 -3.337661e+01 -2.311129e+01
1572 1.026061e+01 -3.336954e+01 -2.310893e+01
1573 1.027062e+01 -3.337489e+01 -2.310426e+01
1574 1.029331e+01 -3.339121e+01 -2.309790e+01
1575 1.032419e+01 -3.341556e+01 -2.309137e+01
1576 1.035709e+01 -3.344399e+01 -2.308691e+01
1577 1.038451e+01 -3.347177e+01 -2.308726e+01
1578 1.039765e+01 -3.349289e+01 -2.309525e+01
1579 1.038711e+01 -3.350030e+01 -2.311319e+01
1580 1.034577e+01 -3.348804e+01 -2.314227e+01
1581 1.027241e+01 -3.345436e+01 -2.318195e+01
1582 1.017336e+01 -3.340326e+01 -2.322990e+01
1583 1.006052e+01 -3.334292e+01 -2.328240e+01
1584 9.946941e+00 -3.328212e+01 -2.333518e+01
1585 9.842965e+00 -3.322713e+01 -2.338417e+01
1586 9.755599e+00 -3.318162e+01 -2.342602e+01
1587 9.690289e+00 -3.314859e+01 -2.345830e+01
1588 9.651936e+00 -3.313157e+01 -2.347963e+01
1589 9.643378e+00 -3.313310e+01 -2.348973e+01
1590 9.662993e+00 -3.315247e+01 -2.348948e+01
1591 9.704218e+00 -3.318506e+01 -2.348084e+01
1592 9.757821e+00 -3.322428e+01 -2.346646e+01
1593 9.815145e+00 -3.326427e+01 -2.344913e+01
1594 9.869981e+00 -3.330139e+01 -2.343141e+01
1595 9.918124e+00 -3.333362e+01 -2.341550e+01
1596 9.955664e+00 -3.335889e+01 -2.340322e+01
1597 9.978015e+00 -3.337408e+01 -2.339606e+01
1598 9.980822e+00 -3.337578e+01 -2.339496e+01
1599 9.961929e+00 -3.336198e+01 -2.340005e+01
1600 9.922967e+00 -3.333330e+01 -2.341034e+01
1601 9.869975e+00 -3.329362e+01 -2.342364e+01
1602 9.813070e+00 -3.324996e+01 -2.343689e+01
1603 9.764696e+00 -3.321148e+01 -2.344679e+01
1604 9.735986e+00 -3.318664e+01 -2.345066e+01
1605 9.732591e+00 -3.317971e+01 -2.344712e+01
1606 9.753049e+00 -3.318935e+01 -2.343630e+01
1607 9.790880e+00 -3.321055e+01 -2.341967e+01
1608 9.838162e+00 -3.323760e+01 -2.339944e+01
1609 9.888035e+00 -3.326599e+01 -2.337796e+01
1610 9.935311e+00 -3.329271e+01 -2.335740e+01
1611 9.975813e+00 -3.331536e+01 -2.333955e+01
1612 1.000582e+01 -3.333158e+01 -2.332576e+01
1613 1.002272e+01 -3.333952e+01 -2.331681e+01
1614 1.002638e+01 -3.333921e+01 -2.331284e+01
1615 1.001980e+01 -3.333316e+01 -2.331336e+01
1616 1.000788e+01 -3.332538e+01 -2.331750e+01
1617 9.995040e+00 -3.331931e+01 -2.332427e+01
1618 9.983445e+00 -3.331635e+01 -2.333291e+01
1619 9.972909e+00 -3.331576e+01 -2.334285e+01
1620 9.962452e+00 -3.331610e+01 -2.335365e+01
1621 9.952292e+00 -3.331697e+01 -2.336468e+01
1622 9.944833e+00 -3.331993e+01 -2.337509e+01
1623 9.943722e+00 -3.332777e+01 -2.338405e+01
1624 9.951311e+00 -3.334238e+01 -2.339107e+01
1625 9.966278e+00 -3.336263e+01 -2.339636e+01
1626 9.983384e+00 -3.338421e+01 -2.340082e+01
1627 9.995537e+00 -3.340134e+01 -2.340580e+01
1628 9.996512e+00 -3.340906e+01 -2.341255e+01
1629 9.982698e+00 -3.340441e+01 -2.342172e+01
1630 9.953812e+00 -3.338680e+01 -2.343299e+01
1631 9.913366e+00 -3.335829e+01 -2.344492e+01
1632 9.868995e+00 -3.332406e+01 -2.345506e+01
1633 9.831588e+00 -3.329199e+01 -2.346040e+01
1634 9.812401e+00 -3.327044e+01 -2.345804e+01
1635 9.819238e+00 -3.326513e+01 -2.344589e+01
1636 9.854116e+00 -3.327740e+01 -2.342328e+01
1637 9.913517e+00 -3.330460e+01 -2.339108e+01
1638 9.990230e+00 -3.334175e+01 -2.335152e+01
1639 1.007534e+01 -3.338304e+01 -2.330770e+01
1640 1.015979e+01 -3.342280e+01 -2.326301e+01
1641 1.023557e+01 -3.345628e+01 -2.322071e+01
1642 1.029677e+01 -3.348024e+01 -2.318347e+01
1643 1.034029e+01 -3.349346e+01 -2.315317e+01
1644 1.036616e+01 -3.349692e+01 -2.313076e+01
1645 1.037715e+01 -3.349357e+01 -2.311642e+01
1646 1.037724e+01 -3.348713e+01 -2.310990e+01
1647 1.036902e+01 -3.347984e+01 -2.311083e+01
1648 1.035191e+01 -3.347084e+01 -2.311893e+01
1649 1.032310e+01 -3.345700e+01 -2.313390e+01
1650 1.028040e+01 -3.343554e+01 -2.315514e+01
1651 1.022484e+01 -3.340625e+01 -2.318141e+01
1652 1.016136e+01 -3.337209e+01 -2.321073e+01
1653 1.009733e+01 -3.333798e+01 -2.324065e+01
1654 1.003995e+01 -3.330864e+01 -2.326869e+01
1655 9.994167e+00 -3.328680e+01 -2.329264e+01
1656 9.962425e+00 -3.327317e+01 -2.331075e+01
1657 9.946322e+00 -3.326801e+01 -2.332169e+01
1658 9.948218e+00 -3.327279e+01 -2.332457e+01
1659 9.970673e+00 -3.328986e+01 -2.331919e+01
1660 1.001357e+01 -3.331989e+01 -2.330632e+01
1661 1.007150e+01 -3.335941e+01 -2.328791e+01
1662 1.013397e+01 -3.340093e+01 -2.326696e+01
1663 1.018833e+01 -3.343523e+01 -2.324690e+01
1664 1.022359e+01 -3.345437e+01 -2.323079e+01
1665 1.023363e+01 -3.345410e+01 -2.322047e+01
1666 1.021872e+01 -3.343501e+01 -2.321629e+01
1667 1.018486e+01 -3.340197e+01 -2.321711e+01
1668 1.014150e+01 -3.336232e+01 -2.322082e+01
1669 1.009862e+01 -3.332373e+01 -2.322511e+01
1670 1.006414e+01 -3.329226e+01 -2.322812e+01
1671 1.004207e+01 -3.327097e+01 -2.322889e+01
1672 1.003207e+01 -3.325958e+01 -2.322751e+01
1673 1.003031e+01 -3.325518e+01 -2.322487e+01
1674 1.003139e+01 -3.325371e+01 -2.322232e+01
1675 1.003030e+01 -3.325150e+01 -2.322120e+01
1676 1.002398e+01 -3.324649e+01 -2.322251e+01
1677 1.001174e+01 -3.323857e+01 -2.322683e+01
1678 9.994425e+00 -3.322879e+01 -2.323437e+01
1679 9.972760e+00 -3.321792e+01 -2.324516e+01
1680 9.946121e+00 -3.320525e+01 -2.325913e+01
1681 9.912821e+00 -3.318879e+01 -2.327597e+01
1682 9.872169e+00 -3.316705e+01 -2.329488e+01
1683 9.826804e+00 -3.314115e+01 -2.331435e+01
1684 9.783303e+00 -3.311549e+01 -2.333219e+01
1685 9.750336e+00 -3.309626e+01 -2.334592e+01
1686 9.735641e+00 -3.308891e+01 -2.335327e+01
1687 9.743921e+00 -3.309659e+01 -2.335267e+01
1688 9.776467e+00 -3.312002e+01 -2.334356e+01
1689 9.831606e+00 -3.315804e+01 -2.332643e+01
1690 9.904857e+00 -3.320760e+01 -2.330274e+01
1691 9.989114e+00 -3.326372e+01 -2.327461e+01
1692 1.007586e+01 -3.332028e+01 -2.324442e+01
1693 1.015747e+01 -3.337188e+01 -2.321442e+01
1694 1.022917e+01 -3.341547e+01 -2.318630e+01
1695 1.028954e+01 -3.345057e+01 -2.316103e+01
1696 1.033941e+01 -3.347831e+01 -2.313890e+01
1697 1.038047e+01 -3.350014e+01 -2.311967e+01
1698 1.041460e+01 -3.351738e+01 -2.310278e+01
1699 1.044378e+01 -3.353137e+01 -2.308759e+01
1700 1.047018e+01 -3.354365e+01 -2.307348e+01
1701 1.049550e+01 -3.355555e+01 -2.306005e+01
1702 1.052018e+01 -3.356746e+01 -2.304728e+01
1703 1.054322e+01 -3.357872e+01 -2.303551e+01
1704 1.056292e+01 -3.358841e+01 -2.302549e+01
1705 1.057755e+01 -3.359591e+01 -2.301836e+01
1706 1.058498e+01 -3.360059e+01 -2.301561e+01
1707 1.058177e+01 -3.360082e+01 -2.301905e+01
1708 1.056298e+01 -3.359360e+01 -2.303062e+01
1709 1.052362e+01 -3.357566e+01 -2.305205e+01
1710 1.046099e+01 -3.354549e+01 -2.308451e+01
1711 1.037568e+01 -3.350421e+01 -2.312853e+01
1712 1.026934e+01 -3.345336e+01 -2.318401e+01
1713 1.014205e+01 -3.339212e+01 -2.325007e+01
1714 9.993794e+00 -3.331864e+01 -2.332485e+01
1715 9.828668e+00 -3.323405e+01 -2.340538e+01
1716 9.656590e+00 -3.314403e+01 -2.348744e+01
1717 9.491097e+00 -3.305690e+01 -2.356580e+01
1718 9.345927e+00 -3.298081e+01 -2.363489e+01
1719 9.232615e+00 -3.292214e+01 -2.368953e+01
1720 9.159554e+00 -3.288508e+01 -2.372552e+01
1721 9.131891e+00 -3.287192e+01 -2.374003e+01
1722 9.151466e+00 -3.288330e+01 -2.373184e+01
1723 9.216473e+00 -3.291791e+01 -2.370144e+01
1724 9.321384e+00 -3.297234e+01 -2.365095e+01
1725 9.457915e+00 -3.304174e+01 -2.358382e+01
1726 9.616933e+00 -3.312127e+01 -2.350434e+01
1727 9.790192e+00 -3.320742e+01 -2.341723e+01
1728 9.970620e+00 -3.329795e+01 -2.332733e+01
1729 1.015090e+01 -3.339048e+01 -2.323958e+01
1730 1.032165e+01 -3.348055e+01 -2.315890e+01
1731 1.047112e+01 -3.356117e+01 -2.309004e+01
1732 1.058685e+01 -3.362405e+01 -2.303720e+01
1733 1.065863e+01 -3.366198e+01 -2.300335e+01
1734 1.068147e+01 -3.367112e+01 -2.298964e+01
1735 1.065784e+01 -3.365286e+01 -2.299502e+01
1736 1.059808e+01 -3.361450e+01 -2.301643e+01
1737 1.051763e+01 -3.356724e+01 -2.304961e+01
1738 1.043122e+01 -3.352133e+01 -2.309011e+01
1739 1.034761e+01 -3.348164e+01 -2.313402e+01
1740 1.026933e+01 -3.344770e+01 -2.317838e+01
1741 1.019589e+01 -3.341705e+01 -2.322116e+01
1742 1.012651e+01 -3.338746e+01 -2.326095e+01
1743 1.006064e+01 -3.335731e+01 -2.329667e+01
1744 9.998118e+00 -3.332542e+01 -2.332730e+01
1745 9.940277e+00 -3.329200e+01 -2.335172e+01
1746 9.891869e+00 -3.326044e+01 -2.336857e+01
1747 9.861519e+00 -3.323819e+01 -2.337667e+01
1748 9.856929e+00 -3.323272e+01 -2.337579e+01
1749 9.877372e+00 -3.324427e+01 -2.336689e+01
1750 9.913255e+00 -3.326521e+01 -2.335195e+01
1751 9.953875e+00 -3.328754e+01 -2.333367e+01
1752 9.993166e+00 -3.330780e+01 -2.331464e+01
1753 1.002901e+01 -3.332581e+01 -2.329681e+01
1754 1.006011e+01 -3.334166e+01 -2.328155e+01
1755 1.008428e+01 -3.335417e+01 -2.326989e+01
1756 1.009853e+01 -3.336108e+01 -2.326255e+01
1757 1.010036e+01 -3.336018e+01 -2.325983e+01
1758 1.008914e+01 -3.335047e+01 -2.326133e+01
1759 1.006711e+01 -3.333301e+01 -2.326590e+01
1760 1.003936e+01 -3.331105e+01 -2.327170e+01
1761 1.001304e+01 -3.328950e+01 -2.327646e+01
1762 9.995997e+00 -3.327393e+01 -2.327793e+01
1763 9.995080e+00 -3.326946e+01 -2.327438e+01
1764 1.001422e+01 -3.327929e+01 -2.326507e+01
1765 1.005284e+01 -3.330332e+01 -2.325048e+01
1766 1.010574e+01 -3.333801e+01 -2.323227e+01
1767 1.016470e+01 -3.337769e+01 -2.321298e+01
1768 1.022045e+01 -3.341599e+01 -2.319554e+01
1769 1.026448e+01 -3.344706e+01 -2.318258e+01
1770 1.029103e+01 -3.346703e+01 -2.317600e+01
1771 1.029882e+01 -3.347550e+01 -2.317668e+01
1772 1.029051e+01 -3.347515e+01 -2.318464e+01
1773 1.026982e+01 -3.346908e+01 -2.319926e+01
1774 1.023903e+01 -3.345860e+01 -2.321957e+01
1775 1.019909e+01 -3.344353e+01 -2.324444e+01
1776 1.015124e+01 -3.342372e+01 -2.327248e+01
1777 1.009838e+01 -3.340024e+01 -2.330186e+01
1778 1.004565e+01 -3.337599e+01 -2.333033e+01
1779 9.999826e+00 -3.335530e+01 -2.335547e+01
1780 9.967449e+00 -3.334253e+01 -2.337508e+01
1781 9.952461e+00 -3.334014e+01 -2.338768e+01
1782 9.954728e+00 -3.334749e+01 -2.339277e+01
1783 9.970594e+00 -3.336147e+01 -2.339087e+01
1784 9.994999e+00 -3.337837e+01 -2.338338e+01
1785 1.002326e+01 -3.339551e+01 -2.337226e+01
1786 1.005102e+01 -3.341089e+01 -2.335987e+01
1787 1.007303e+01 -3.342174e+01 -2.334871e+01
1788 1.008306e+01 -3.342408e+01 -2.334102e+01
1789 1.007569e+01 -3.341416e+01 -2.333848e+01
1790 1.004876e+01 -3.339050e+01 -2.334174e+01
1791 1.000449e+01 -3.335471e+01 -2.335022e+01
1792 9.949100e+00 -3.331127e+01 -2.336217e+01
1793 9.891582e+00 -3.326659e+01 -2.337501e+01
1794 9.841783e+00 -3.322765e+01 -2.338586e+01
1795 9.807956e+00 -3.320013e+01 -2.339217e+01
1796 9.794770e+00 -3.318685e+01 -2.339208e+01
1797 9.802980e+00 -3.318764e+01 -2.338466e+01
1798 9.831049e+00 -3.320088e+01 -2.336983e+01
1799 9.877168e+00 -3.322545e+01 -2.334829e+01
1800 9.939482e+00 -3.326096e+01 -2.332148e+01
1801 1.001430e+01 -3.330587e+01 -2.329158e+01
1802 1.009442e+01 -3.335588e+01 -2.326146e+01
1803 1.016985e+01 -3.340421e+01 -2.323436e+01
1804 1.023043e+01 -3.344386e+01 -2.321344e+01
1805 1.026859e+01 -3.346977e+01 -2.320117e+01
1806 1.028062e+01 -3.347963e+01 -2.319901e+01
1807 1.026627e+01 -3.347351e+01 -2.320724e+01
1808 1.022786e+01 -3.345296e+01 -2.322510e+01
1809 1.016947e+01 -3.342040e+01 -2.325093e+01
1810 1.009669e+01 -3.337909e+01 -2.328241e+01
1811 1.001675e+01 -3.333343e+01 -2.331669e+01
1812 9.938133e+00 -3.328891e+01 -2.335077e+01
1813 9.869142e+00 -3.325111e+01 -2.338196e+01
1814 9.815429e+00 -3.322374e+01 -2.340831e+01
1815 9.778041e+00 -3.320696e+01 -2.342892e+01
1816 9.753769e+00 -3.319755e+01 -2.344379e+01
1817 9.737965e+00 -3.319136e+01 -2.345339e+01
1818 9.727865e+00 -3.318589e+01 -2.345802e+01
1819 9.724663e+00 -3.318200e+01 -2.345734e+01
1820 9.733606e+00 -3.318398e+01 -2.345038e+01
1821 9.761457e+00 -3.319762e+01 -2.343616e+01
1822 9.812006e+00 -3.322636e+01 -2.341435e+01
1823 9.882962e+00 -3.326869e+01 -2.338573e+01
1824 9.966708e+00 -3.331902e+01 -2.335231e+01
1825 1.005332e+01 -3.337042e+01 -2.331710e+01
1826 1.013276e+01 -3.341633e+01 -2.328357e+01
1827 1.019546e+01 -3.345058e+01 -2.325512e+01
1828 1.023288e+01 -3.346748e+01 -2.323460e+01
1829 1.023897e+01 -3.346285e+01 -2.322388e+01
1830 1.021220e+01 -3.343563e+01 -2.322343e+01
1831 1.015689e+01 -3.338903e+01 -2.323214e+01
1832 1.008310e+01 -3.333060e+01 -2.324750e+01
1833 1.000445e+01 -3.327063e+01 -2.326618e+01
1834 9.934009e+00 -3.321892e+01 -2.328491e+01
1835 9.880070e+00 -3.318122e+01 -2.330115e+01
1836 9.844515e+00 -3.315799e+01 -2.331347e+01
1837 9.824706e+00 -3.314618e+01 -2.332148e+01
1838 9.816495e+00 -3.314200e+01 -2.332551e+01
1839 9.815955e+00 -3.314213e+01 -2.332617e+01
1840 9.819954e+00 -3.314395e+01 -2.332399e+01
1841 9.826843e+00 -3.314608e+01 -2.331924e+01
1842 9.837276e+00 -3.314918e+01 -2.331190e+01
1843 9.854113e+00 -3.315593e+01 -2.330182e+01
1844 9.880883e+00 -3.316989e+01 -2.328901e+01
1845 9.919357e+00 -3.319340e+01 -2.327405e+01
1846 9.967431e+00 -3.322579e+01 -2.325836e+01
1847 1.001861e+01 -3.326276e+01 -2.324415e+01
1848 1.006371e+01 -3.329773e+01 -2.323402e+01
1849 1.009411e+01 -3.332441e+01 -2.323030e+01
1850 1.010460e+01 -3.333910e+01 -2.323450e+01
1851 1.009434e+01 -3.334128e+01 -2.324694e+01
1852 1.006576e+01 -3.333251e+01 -2.326674e+01
1853 1.002309e+01 -3.331504e+01 -2.329195e+01
1854 9.971860e+00 -3.329166e+01 -2.331980e+01
1855 9.919350e+00 -3.326636e+01 -2.334701e+01
1856 9.874201e+00 -3.324446e+01 -2.337026e+01
1857 9.844623e+00 -3.323133e+01 -2.338671e+01
1858 9.835936e+00 -3.323057e+01 -2.339463e+01
1859 9.848601e+00 -3.324247e+01 -2.339386e+01
1860 9.877405e+00 -3.326332e+01 -2.338591e+01
1861 9.912374e+00 -3.328587e+01 -2.337350e+01
1862 9.941823e+00 -3.330150e+01 -2.335967e+01
1863 9.957036e+00 -3.330387e+01 -2.334683e+01
1864 9.956561e+00 -3.329248e+01 -2.333592e+01
1865 9.947282e+00 -3.327369e+01 -2.332641e+01
1866 9.940607e+00 -3.325749e+01 -2.331688e+01
1867 9.945964e+00 -3.325182e+01 -2.330585e+01
1868 9.966844e+00 -3.325938e+01 -2.329254e+01
1869 1.000143e+01 -3.327872e+01 -2.327728e+01
1870 1.004460e+01 -3.330609e+01 -2.326149e+01
1871 1.008889e+01 -3.333610e+01 -2.324721e+01
1872 1.012576e+01 -3.336230e+01 -2.323654e+01
1873 1.014792e+01 -3.337914e+01 -2.323123e+01
1874 1.015164e+01 -3.338374e+01 -2.323210e+01
1875 1.013769e+01 -3.337663e+01 -2.323895e+01
1876 1.011040e+01 -3.336099e+01 -2.325058e+01
1877 1.007572e+01 -3.334097e+01 -2.326525e+01
1878 1.003920e+01 -3.332018e+01 -2.328097e+01
1879 1.000510e+01 -3.330098e+01 -2.329588e+01
1880 9.976697e+00 -3.328501e+01 -2.330831e+01
1881 9.957127e+00 -3.327397e+01 -2.331684e+01
1882 9.949755e+00 -3.327012e+01 -2.332036e+01
1883 9.957506e+00 -3.327574e+01 -2.331823e+01
1884 9.981300e+00 -3.329175e+01 -2.331045e+01
1885 1.001889e+01 -3.331666e+01 -2.329777e+01
1886 1.006531e+01 -3.334689e+01 -2.328158e+01
1887 1.011445e+01 -3.337816e+01 -2.326370e+01
1888 1.016048e+01 -3.340655e+01 -2.324607e+01
1889 1.019855e+01 -3.342894e+01 -2.323039e+01
1890 1.022548e+01 -3.344337e+01 -2.321790e+01
1891 1.024042e+01 -3.344970e+01 -2.320928e+01
1892 1.024501e+01 -3.344972e+01 -2.320471e+01
1893 1.024223e+01 -3.344629e+01 -2.320405e+01
1894 1.023433e+01 -3.344153e+01 -2.320721e+01
1895 1.022129e+01 -3.343557e+01 -2.321428e+01
1896 1.020107e+01 -3.342667e+01 -2.322560e+01
1897 1.017133e+01 -3.341284e+01 -2.324151e+01
1898 1.013135e+01 -3.339345e+01 -2.326210e+01
1899 1.008238e+01 -3.336936e+01 -2.328698e+01
1900 1.002677e+01 -3.334201e+01 -2.331524e+01
1901 9.967282e+00 -3.331268e+01 -2.334540e+01
1902 9.907543e+00 -3.328305e+01 -2.337550e+01
1903 9.852600e+00 -3.325586e+01 -2.340326e+01
1904 9.808438e+00 -3.323470e+01 -2.342627e+01
1905 9.780461e+00 -3.322287e+01 -2.344241e+01
1906 9.771914e+00 -3.322211e+01 -2.345020e+01
1907 9.782938e+00 -3.323204e+01 -2.344910e+01
1908 9.810656e+00 -3.325014e+01 -2.343948e+01
1909 9.850486e+00 -3.327288e+01 -2.342240e+01
1910 9.898012e+00 -3.329732e+01 -2.339931e+01
1911 9.949926e+00 -3.332177e+01 -2.337184e+01
1912 1.000350e+01 -3.334508e+01 -2.334159e+01
1913 1.005577e+01 -3.336581e+01 -2.331004e+01
1914 1.010370e+01 -3.338224e+01 -2.327854e+01
1915 1.014489e+01 -3.339302e+01 -2.324813e+01
1916 1.017840e+01 -3.339778e+01 -2.321938e+01
1917 1.020571e+01 -3.339793e+01 -2.319222e+01
1918 1.023116e+01 -3.339724e+01 -2.316609e+01
1919 1.026078e+01 -3.340105e+01 -2.314027e+01
1920 1.029942e+01 -3.341384e+01 -2.311443e+01
1921 1.034763e+01 -3.343677e+01 -2.308914e+01
1922 1.040028e+01 -3.346640e+01 -2.306612e+01
1923 1.044760e+01 -3.349549e+01 -2.304789e+01
1924 1.047843e+01 -3.351549e+01 -2.303706e+01
1925 1.048463e+01 -3.352009e+01 -2.303545e+01
1926 1.046438e+01 -3.350785e+01 -2.304347e+01
1927 1.042256e+01 -3.348257e+01 -2.306001e+01
1928 1.036801e+01 -3.345097e+01 -2.308296e+01
1929 1.030916e+01 -3.341908e+01 -2.310992e+01
1930 1.025084e+01 -3.338967e+01 -2.313883e+01
1931 1.019447e+01 -3.336263e+01 -2.316816e+01
1932 1.014045e+01 -3.333733e+01 -2.319688e+01
1933 1.008968e+01 -3.331393e+01 -2.322425e+01
1934 1.004337e+01 -3.329290e+01 -2.324953e+01
1935 1.000305e+01 -3.327492e+01 -2.327188e+01
1936 9.971465e+00 -3.326189e+01 -2.329043e+01
1937 9.952604e+00 -3.325711e+01 -2.330451e+01
1938 9.949166e+00 -3.326306e+01 -2.331389e+01
1939 9.959800e+00 -3.327875e+01 -2.331895e+01
1940 9.979241e+00 -3.329989e+01 -2.332065e+01
1941 1.000096e+01 -3.332137e+01 -2.332041e+01
1942 1.001951e+01 -3.333917e+01 -2.331966e+01
1943 1.003121e+01 -3.335077e+01 -2.331956e+01
1944 1.003408e+01 -3.335485e+01 -2.332077e+01
1945 1.002801e+01 -3.335137e+01 -2.332336e+01
1946 1.001490e+01 -3.334172e+01 -2.332681e+01
1947 9.998481e+00 -3.332862e+01 -2.333014e+01
1948 9.983246e+00 -3.331534e+01 -2.333209e+01
1949 9.973056e+00 -3.330451e+01 -2.333145e+01
1950 9.970296e+00 -3.329749e+01 -2.332719e+01
1951 9.976311e+00 -3.329485e+01 -2.331854e+01
1952 9.992845e+00 -3.329774e+01 -2.330490e+01
1953 1.002300e+01 -3.330899e+01 -2.328599e+01
1954 1.007008e+01 -3.333226e+01 -2.326218e+01
1955 1.013430e+01 -3.336918e+01 -2.323488e+01
1956 1.020965e+01 -3.341641e+01 -2.320676e+01
1957 1.028390e+01 -3.346544e+01 -2.318154e+01
1958 1.034222e+01 -3.350550e+01 -2.316329e+01
1959 1.037187e+01 -3.352729e+01 -2.315542e+01
1960 1.036588e+01 -3.352569e+01 -2.315982e+01
1961 1.032486e+01 -3.350120e+01 -2.317634e+01
1962 1.025644e+01 -3.345951e+01 -2.320307e+01
1963 1.017193e+01 -3.340886e+01 -2.323693e+01
1964 1.008211e+01 -3.335640e+01 -2.327429e+01
1965 9.995752e+00 -3.330734e+01 -2.331159e+01
1966 9.920608e+00 -3.326638e+01 -2.334577e+01
1967 9.863328e+00 -3.323792e+01 -2.337459e+01
1968 9.827436e+00 -3.322419e+01 -2.339675e+01
1969 9.811856e+00 -3.322390e+01 -2.341205e+01
1970 9.811638e+00 -3.323295e+01 -2.342131e+01
1971 9.820257e+00 -3.324627e+01 -2.342602e+01
1972 9.832140e+00 -3.325987e+01 -2.342773e+01
1973 9.844414e+00 -3.327216e+01 -2.342774e+01
1974 9.857108e+00 -3.328398e+01 -2.342687e+01
1975 9.871463e+00 -3.329710e+01 -2.342564e+01
1976 9.887438e+00 -3.331184e+01 -2.342441e+01
1977 9.902898e+00 -3.332628e+01 -2.342338e+01
1978 9.915568e+00 -3.333810e+01 -2.342253e+01
1979 9.925451e+00 -3.334704e+01 -2.342159e+01
1980 9.934703e+00 -3.335480e+01 -2.342010e+01
1981 9.945241e+00 -3.336289e+01 -2.341764e+01
1982 9.957051e+00 -3.337107e+01 -2.341402e+01
1983 9.968762e+00 -3.337804e+01 -2.340928e+01
1984 9.979371e+00 -3.338301e+01 -2.340364e+01
1985 9.989217e+00 -3.338660e+01 -2.339739e+01
1986 9.999333e+00 -3.339026e+01 -2.339093e+01
1987 1.000983e+01 -3.339481e+01 -2.338498e+01
1988 1.001877e+01 -3.339937e+01 -2.338060e+01
1989 1.002220e+01 -3.340141e+01 -2.337921e+01
1990 1.001518e+01 -3.339736e+01 -2.338218e+01
1991 9.993522e+00 -3.338386e+01 -2.339034e+01
1992 9.956203e+00 -3.335970e+01 -2.340349e+01
1993 9.907233e+00 -3.332745e+01 -2.342021e+01
1994 9.855235e+00 -3.329331e+01 -2.343807e+01
1995 9.810555e+00 -3.326475e+01 -2.345419e+01
1996 9.781624e+00 -3.324765e+01 -2.346602e+01
1997 9.772518e+00 -3.324446e+01 -2.347194e+01
1998 9.782542e+00 -3.325409e+01 -2.347155e+01
1999 9.807493e+00 -3.327301e+01 -2.346552e+01
2000 9.841838e+00 -3.329705e+01 -2.345521e+01
2001 9.880785e+00 -3.332300e+01 -2.344221e+01
2002 9.921076e+00 -3.334924e+01 -2.342816e+01
2003 9.959935e+00 -3.337458e+01 -2.341464e+01
2004 9.993381e+00 -3.339653e+01 -2.340315e+01
2005 1.001599e+01 -3.341097e+01 -2.339498e+01
2006 1.002261e+01 -3.341364e+01 -2.339103e+01
2007 1.001056e+01 -3.340200e+01 -2.339144e+01
2008 9.981330e+00 -3.337666e+01 -2.339533e+01
2009 9.941114e+00 -3.334197e+01 -2.340086e+01
2010 9.899696e+00 -3.330542e+01 -2.340572e+01
2011 9.867094e+00 -3.327500e+01 -2.340790e+01
2012 9.848977e+00 -3.325525e+01 -2.340627e+01
2013 9.844211e+00 -3.324498e+01 -2.340076e+01
2014 9.847295e+00 -3.323928e+01 -2.339198e+01
2015 9.853825e+00 -3.323440e+01 -2.338057e+01
2016 9.864112e+00 -3.323079e+01 -2.336668e+01
2017 9.882392e+00 -3.323233e+01 -2.334994e+01
2018 9.913156e+00 -3.324312e+01 -2.332996e+01
2019 9.957731e+00 -3.326468e+01 -2.330695e+01
2020 1.001304e+01 -3.329506e+01 -2.328202e+01
2021 1.007260e+01 -3.332968e+01 -2.325708e+01
2022 1.012868e+01 -3.336310e+01 -2.323442e+01
2023 1.017457e+01 -3.339069e+01 -2.321611e+01
2024 1.020623e+01 -3.340987e+01 -2.320364e+01
2025 1.022282e+01 -3.342052e+01 -2.319770e+01
2026 1.022619e+01 -3.342449e+01 -2.319830e+01
2027 1.021900e+01 -3.342415e+01 -2.320515e+01
2028 1.020255e+01 -3.342050e+01 -2.321796e+01
2029 1.017579e+01 -3.341227e+01 -2.323648e+01
2030 1.013683e+01 -3.339720e+01 -2.326037e+01
2031 1.008592e+01 -3.337481e+01 -2.328888e+01
2032 1.002720e+01 -3.334805e+01 -2.332085e+01
2033 9.966285e+00 -3.332119e+01 -2.335491e+01
2034 9.906151e+00 -3.329575e+01 -2.338960e+01
2035 9.846669e+00 -3.327007e+01 -2.342340e+01
2036 9.788701e+00 -3.324332e+01 -2.345462e+01
2037 9.737331e+00 -3.321861e+01 -2.348128e+01
2038 9.700488e+00 -3.320186e+01 -2.350137e+01
2039 9.684738e+00 -3.319802e+01 -2.351328e+01
2040 9.692354e+00 -3.320870e+01 -2.351635e+01
2041 9.721310e+00 -3.323244e+01 -2.351113e+01
2042 9.766611e+00 -3.326604e+01 -2.349943e+01
2043 9.820836e+00 -3.330487e+01 -2.348403e+01
2044 9.874012e+00 -3.334226e+01 -2.346825e+01
2045 9.914738e+00 -3.337001e+01 -2.345528e+01
2046 9.933431e+00 -3.338080e+01 -2.344737e+01
2047 9.926403e+00 -3.337150e+01 -2.344510e+01
2048 9.898810e+00 -3.334576e+01 -2.344695e+01
2049 9.864463e+00 -3.331430e+01 -2.344984e+01
2050 9.840425e+00 -3.329087e+01 -2.345044e+01
2051 9.837729e+00 -3.328416e+01 -2.344643e+01
