0 3.877650e-02 -7.493931e-02 -3.616281e-02
1 3.745154e-02 -7.375181e-02 -3.630027e-02
2 3.202371e-02 -6.864024e-02 -3.661653e-02
3 2.188018e-02 -5.783880e-02 -3.595862e-02
4 1.687496e-02 -5.263093e-02 -3.575597e-02
5 1.965664e-02 -5.609053e-02 -3.643388e-02
6 2.175017e-02 -5.813172e-02 -3.638154e-02
7 2.170744e-02 -5.799891e-02 -3.629147e-02
8 2.092795e-02 -5.720704e-02 -3.627909e-02
9 2.012376e-02 -5.639564e-02 -3.627188e-02
10 1.995578e-02 -5.622322e-02 -3.626745e-02
11 2.042230e-02 -5.670754e-02 -3.628525e-02
12 2.096105e-02 -5.730765e-02 -3.634660e-02
13 2.094634e-02 -5.721059e-02 -3.626426e-02
14 2.078429e-02 -5.713255e-02 -3.634826e-02
15 2.042826e-02 -5.671639e-02 -3.628813e-02
16 2.019460e-02 -5.647973e-02 -3.628513e-02
17 2.028299e-02 -5.656636e-02 -3.628338e-02
18 2.020732e-02 -5.653993e-02 -3.633261e-02
19 1.997223e-02 -5.618357e-02 -3.621133e-02
20 2.022758e-02 -5.655854e-02 -3.633096e-02
21 2.017619e-02 -5.638528e-02 -3.620908e-02
22 2.038530e-02 -5.663693e-02 -3.625163e-02
23 2.054068e-02 -5.679353e-02 -3.625285e-02
24 2.073123e-02 -5.695437e-02 -3.622314e-02
25 2.088501e-02 -5.716051e-02 -3.627550e-02
26 2.068661e-02 -5.690205e-02 -3.621544e-02
27 2.045892e-02 -5.668935e-02 -3.623043e-02
28 2.030363e-02 -5.657906e-02 -3.627543e-02
29 1.999975e-02 -5.626097e-02 -3.626122e-02
30 1.975348e-02 -5.599140e-02 -3.623792e-02
31 1.994012e-02 -5.615253e-02 -3.621241e-02
32 2.036896e-02 -5.664705e-02 -3.627809e-02
33 2.025270e-02 -5.652013e-02 -3.626743e-02
34 2.010184e-02 -5.628737e-02 -3.618553e-02
35 2.059013e-02 -5.688266e-02 -3.629252e-02
36 2.070723e-02 -5.697513e-02 -3.626790e-02
37 2.061346e-02 -5.689103e-02 -3.627756e-02
38 2.037481e-02 -5.665255e-02 -3.627774e-02
39 1.981637e-02 -5.609656e-02 -3.628019e-02
40 1.962477e-02 -5.579334e-02 -3.616857e-02
41 2.039616e-02 -5.669024e-02 -3.629408e-02
42 2.092601e-02 -5.719053e-02 -3.626451e-02
43 2.120154e-02 -5.745631e-02 -3.625476e-02
44 2.098963e-02 -5.736879e-02 -3.637917e-02
45 1.980079e-02 -5.595908e-02 -3.615829e-02
46 1.983230e-02 -5.602407e-02 -3.619177e-02
47 2.053902e-02 -5.678959e-02 -3.625057e-02
48 2.112222e-02 -5.736988e-02 -3.624767e-02
49 2.098067e-02 -5.728887e-02 -3.630820e-02
50 1.984815e-02 -5.597046e-02 -3.612231e-02
51 1.950197e-02 -5.568978e-02 -3.618781e-02
52 1.953799e-02 -5.575645e-02 -3.621845e-02
53 1.985806e-02 -5.606757e-02 -3.620950e-02
54 2.054696e-02 -5.667769e-02 -3.613073e-02
55 2.107120e-02 -5.728651e-02 -3.621531e-02
56 2.081305e-02 -5.682467e-02 -3.601162e-02
57 2.079116e-02 -5.685551e-02 -3.606436e-02
58 2.062007e-02 -5.663275e-02 -3.601267e-02
59 2.073207e-02 -5.672483e-02 -3.599276e-02
60 2.093123e-02 -5.699244e-02 -3.606121e-02
61 2.087299e-02 -5.688636e-02 -3.601338e-02
62 2.094709e-02 -5.694191e-02 -3.599482e-02
63 2.098010e-02 -5.700913e-02 -3.602903e-02
64 2.073394e-02 -5.672802e-02 -3.599407e-02
65 2.060711e-02 -5.656479e-02 -3.595768e-02
66 2.051185e-02 -5.653896e-02 -3.602711e-02
67 2.037963e-02 -5.635975e-02 -3.598013e-02
68 2.037412e-02 -5.638406e-02 -3.600994e-02
69 2.036839e-02 -5.640023e-02 -3.603184e-02
70 2.049706e-02 -5.645795e-02 -3.596088e-02
71 2.093465e-02 -5.704178e-02 -3.610713e-02
72 2.066353e-02 -5.667359e-02 -3.601007e-02
73 2.022305e-02 -5.620147e-02 -3.597842e-02
74 2.029599e-02 -5.628928e-02 -3.599329e-02
75 2.082443e-02 -5.683799e-02 -3.601357e-02
76 2.114584e-02 -5.716491e-02 -3.601907e-02
77 2.087448e-02 -5.693071e-02 -3.605623e-02
78 2.006336e-02 -5.596857e-02 -3.590521e-02
79 1.984204e-02 -5.583425e-02 -3.599221e-02
80 1.982644e-02 -5.581185e-02 -3.598541e-02
81 2.013152e-02 -5.608265e-02 -3.595114e-02
82 2.059993e-02 -5.653756e-02 -3.593764e-02
83 2.082991e-02 -5.680376e-02 -3.597385e-02
84 2.058734e-02 -5.652208e-02 -3.593474e-02
85 2.052700e-02 -5.645271e-02 -3.592571e-02
86 2.088756e-02 -5.680164e-02 -3.591408e-02
87 2.104223e-02 -5.695884e-02 -3.591661e-02
88 2.069865e-02 -5.654816e-02 -3.584951e-02
89 2.064515e-02 -5.648502e-02 -3.583987e-02
90 2.113684e-02 -5.702906e-02 -3.589222e-02
91 2.121611e-02 -5.713665e-02 -3.592054e-02
92 2.071869e-02 -5.654706e-02 -3.582838e-02
93 2.065826e-02 -5.658736e-02 -3.592910e-02
94 2.013375e-02 -5.608036e-02 -3.594661e-02
95 1.969308e-02 -5.547518e-02 -3.578210e-02
96 2.054048e-02 -5.655516e-02 -3.601469e-02
97 2.063855e-02 -5.647288e-02 -3.583433e-02
98 2.080651e-02 -5.664515e-02 -3.583864e-02
99 2.111463e-02 -5.699125e-02 -3.587662e-02
100 2.092497e-02 -5.686290e-02 -3.593793e-02
101 2.026636e-02 -5.602350e-02 -3.575714e-02
102 2.054333e-02 -5.645898e-02 -3.591566e-02
103 2.099237e-02 -5.684884e-02 -3.585647e-02
104 2.114706e-02 -5.707355e-02 -3.592649e-02
105 2.064396e-02 -5.651187e-02 -3.586791e-02
106 2.011271e-02 -5.593345e-02 -3.582074e-02
107 2.014393e-02 -5.600668e-02 -3.586275e-02
108 2.041631e-02 -5.630224e-02 -3.588593e-02
109 2.040769e-02 -5.629346e-02 -3.588577e-02
110 2.046502e-02 -5.629879e-02 -3.583377e-02
111 2.081921e-02 -5.669956e-02 -3.588034e-02
112 2.046933e-02 -5.628346e-02 -3.581413e-02
113 2.049482e-02 -5.625283e-02 -3.575802e-02
114 2.106525e-02 -5.694756e-02 -3.588231e-02
115 2.087166e-02 -5.672687e-02 -3.585521e-02
116 2.032939e-02 -5.610143e-02 -3.577204e-02
117 2.028966e-02 -5.612471e-02 -3.583506e-02
118 2.056761e-02 -5.628690e-02 -3.571928e-02
119 2.105824e-02 -5.691714e-02 -3.585890e-02
120 2.087923e-02 -5.663912e-02 -3.575990e-02
121 2.047853e-02 -5.621422e-02 -3.573568e-02
122 2.007541e-02 -5.579100e-02 -3.571559e-02
123 1.989233e-02 -5.557492e-02 -3.568259e-02
124 2.018656e-02 -5.594085e-02 -3.575429e-02
125 2.034667e-02 -5.612173e-02 -3.577506e-02
126 2.048895e-02 -5.616089e-02 -3.567194e-02
127 2.118169e-02 -5.693183e-02 -3.575014e-02
128 2.128061e-02 -5.705738e-02 -3.577677e-02
129 2.070364e-02 -5.636468e-02 -3.566105e-02
130 2.049095e-02 -5.620148e-02 -3.571053e-02
131 2.022552e-02 -5.589604e-02 -3.567053e-02
132 2.050880e-02 -5.619415e-02 -3.568535e-02
133 2.101358e-02 -5.674874e-02 -3.573516e-02
134 2.098491e-02 -5.670992e-02 -3.572501e-02
135 2.058503e-02 -5.621352e-02 -3.562849e-02
136 2.037278e-02 -5.605845e-02 -3.568567e-02
137 2.018210e-02 -5.584517e-02 -3.566306e-02
138 2.020213e-02 -5.580753e-02 -3.560540e-02
139 2.083455e-02 -5.648899e-02 -3.565444e-02
140 2.120926e-02 -5.687299e-02 -3.566374e-02
141 2.089726e-02 -5.647838e-02 -3.558111e-02
142 2.074949e-02 -5.639206e-02 -3.564257e-02
143 2.060531e-02 -5.624752e-02 -3.564221e-02
144 2.062924e-02 -5.628425e-02 -3.565501e-02
145 2.086461e-02 -5.654576e-02 -3.568115e-02
146 2.073466e-02 -5.640310e-02 -3.566843e-02
147 2.030832e-02 -5.593288e-02 -3.562456e-02
148 2.025014e-02 -5.596628e-02 -3.571614e-02
149 2.055389e-02 -5.619784e-02 -3.564395e-02
150 2.096505e-02 -5.670366e-02 -3.573861e-02
151 2.054194e-02 -5.621331e-02 -3.567137e-02
152 2.012738e-02 -5.568955e-02 -3.556217e-02
153 2.055428e-02 -5.626394e-02 -3.570966e-02
154 2.054559e-02 -5.620428e-02 -3.565869e-02
155 2.035432e-02 -5.601562e-02 -3.566130e-02
156 2.026387e-02 -5.587840e-02 -3.561452e-02
157 2.038896e-02 -5.605010e-02 -3.566114e-02
158 2.052672e-02 -5.618502e-02 -3.565830e-02
159 2.050605e-02 -5.617096e-02 -3.566490e-02
160 2.043205e-02 -5.611167e-02 -3.567962e-02
161 2.032460e-02 -5.592590e-02 -3.560130e-02
162 2.049617e-02 -5.619942e-02 -3.570325e-02
163 2.053831e-02 -5.610164e-02 -3.556334e-02
164 2.105732e-02 -5.667483e-02 -3.561751e-02
165 2.130142e-02 -5.689404e-02 -3.559262e-02
166 2.138042e-02 -5.701010e-02 -3.562968e-02
167 2.102212e-02 -5.658918e-02 -3.556705e-02
168 2.059963e-02 -5.617373e-02 -3.557410e-02
169 2.036266e-02 -5.594358e-02 -3.558092e-02
170 2.018621e-02 -5.585018e-02 -3.566397e-02
171 1.982260e-02 -5.531533e-02 -3.549273e-02
172 2.003773e-02 -5.549829e-02 -3.546056e-02
173 2.049202e-02 -5.601956e-02 -3.552754e-02
174 2.090881e-02 -5.640507e-02 -3.549626e-02
175 2.085710e-02 -5.641111e-02 -3.555401e-02
176 2.030299e-02 -5.575605e-02 -3.545306e-02
177 2.024694e-02 -5.577441e-02 -3.552747e-02
178 2.029246e-02 -5.580082e-02 -3.550836e-02
179 2.030798e-02 -5.577905e-02 -3.547107e-02
180 2.052469e-02 -5.601957e-02 -3.549488e-02
181 2.089842e-02 -5.644805e-02 -3.554963e-02
182 2.087722e-02 -5.640120e-02 -3.552398e-02
183 2.038575e-02 -5.589772e-02 -3.551197e-02
184 1.985260e-02 -5.536554e-02 -3.551294e-02
185 1.991595e-02 -5.537494e-02 -3.545899e-02
186 2.060127e-02 -5.611199e-02 -3.551073e-02
187 2.077534e-02 -5.622005e-02 -3.544470e-02
188 2.082108e-02 -5.632612e-02 -3.550504e-02
189 2.062458e-02 -5.602379e-02 -3.539921e-02
190 2.069081e-02 -5.614332e-02 -3.545251e-02
191 2.062823e-02 -5.606480e-02 -3.543657e-02
192 2.044073e-02 -5.584227e-02 -3.540155e-02
193 2.027940e-02 -5.574521e-02 -3.546581e-02
194 1.984723e-02 -5.524220e-02 -3.539497e-02
195 1.963078e-02 -5.502828e-02 -3.539751e-02
196 1.994242e-02 -5.533717e-02 -3.539476e-02
197 2.026123e-02 -5.567152e-02 -3.541029e-02
198 2.012894e-02 -5.544033e-02 -3.531138e-02
199 2.028689e-02 -5.572706e-02 -3.544018e-02
200 2.031335e-02 -5.565856e-02 -3.534522e-02
201 2.061818e-02 -5.589705e-02 -3.527886e-02
202 2.112487e-02 -5.651518e-02 -3.539031e-02
203 2.097180e-02 -5.620947e-02 -3.523767e-02
204 2.098288e-02 -5.635376e-02 -3.537088e-02
205 2.075411e-02 -5.598471e-02 -3.523060e-02
206 2.115756e-02 -5.652302e-02 -3.536545e-02
207 2.128561e-02 -5.662902e-02 -3.534340e-02
208 2.051498e-02 -5.580942e-02 -3.529445e-02
209 1.996022e-02 -5.519182e-02 -3.523160e-02
210 2.050500e-02 -5.581921e-02 -3.531420e-02
211 2.101581e-02 -5.636553e-02 -3.534972e-02
212 2.077614e-02 -5.607525e-02 -3.529911e-02
213 2.031904e-02 -5.547398e-02 -3.515494e-02
214 2.083106e-02 -5.610804e-02 -3.527698e-02
215 2.107277e-02 -5.641776e-02 -3.534499e-02
216 2.085708e-02 -5.607284e-02 -3.521577e-02
217 2.087155e-02 -5.618761e-02 -3.531606e-02
218 2.049942e-02 -5.574787e-02 -3.524845e-02
219 2.019861e-02 -5.544683e-02 -3.524822e-02
220 1.991525e-02 -5.509072e-02 -3.517547e-02
221 2.034291e-02 -5.560071e-02 -3.525780e-02
222 2.065348e-02 -5.594637e-02 -3.529289e-02
223 2.057617e-02 -5.572723e-02 -3.515105e-02
224 2.111190e-02 -5.638731e-02 -3.527541e-02
225 2.115993e-02 -5.642598e-02 -3.526605e-02
226 2.064792e-02 -5.580171e-02 -3.515379e-02
227 2.087299e-02 -5.606221e-02 -3.518922e-02
228 2.117708e-02 -5.641148e-02 -3.523440e-02
229 2.111603e-02 -5.628966e-02 -3.517362e-02
230 2.116757e-02 -5.637824e-02 -3.521067e-02
231 2.115489e-02 -5.635200e-02 -3.519712e-02
232 2.095014e-02 -5.619871e-02 -3.524856e-02
233 2.059008e-02 -5.577709e-02 -3.518701e-02
234 2.039177e-02 -5.564877e-02 -3.525699e-02
235 1.989891e-02 -5.506261e-02 -3.516370e-02
236 1.994560e-02 -5.510534e-02 -3.515974e-02
237 2.059663e-02 -5.586296e-02 -3.526633e-02
238 2.109335e-02 -5.628978e-02 -3.519643e-02
239 2.152782e-02 -5.679031e-02 -3.526250e-02
240 2.127400e-02 -5.648582e-02 -3.521182e-02
241 2.055024e-02 -5.575405e-02 -3.520382e-02
242 2.013305e-02 -5.526344e-02 -3.513039e-02
243 2.077970e-02 -5.603175e-02 -3.525205e-02
244 2.133751e-02 -5.665701e-02 -3.531951e-02
245 2.088475e-02 -5.606559e-02 -3.518084e-02
246 2.097726e-02 -5.614693e-02 -3.516967e-02
247 2.137939e-02 -5.656872e-02 -3.518933e-02
248 2.145584e-02 -5.639618e-02 -3.494034e-02
249 2.238666e-02 -5.758868e-02 -3.520202e-02
250 2.200390e-02 -5.705340e-02 -3.504950e-02
251 2.139359e-02 -5.640291e-02 -3.500932e-02
252 2.118405e-02 -5.631733e-02 -3.513328e-02
253 2.060609e-02 -5.561919e-02 -3.501309e-02
254 2.043538e-02 -5.550822e-02 -3.507284e-02
255 2.066225e-02 -5.567317e-02 -3.501092e-02
256 2.082294e-02 -5.583576e-02 -3.501282e-02
257 2.105534e-02 -5.616644e-02 -3.511110e-02
258 2.050616e-02 -5.556288e-02 -3.505673e-02
259 1.976578e-02 -5.474608e-02 -3.498030e-02
260 2.006916e-02 -5.511125e-02 -3.504208e-02
261 2.050850e-02 -5.549699e-02 -3.498849e-02
262 2.077037e-02 -5.577318e-02 -3.500281e-02
263 2.078453e-02 -5.578876e-02 -3.500423e-02
264 2.050772e-02 -5.547311e-02 -3.496539e-02
265 2.044688e-02 -5.540767e-02 -3.496079e-02
266 2.046985e-02 -5.539583e-02 -3.492598e-02
267 2.040197e-02 -5.540741e-02 -3.500544e-02
268 2.001840e-02 -5.486584e-02 -3.484745e-02
269 2.059590e-02 -5.557332e-02 -3.497742e-02
270 2.116827e-02 -5.617663e-02 -3.500836e-02
271 2.119419e-02 -5.615734e-02 -3.496315e-02
272 2.121889e-02 -5.625773e-02 -3.503885e-02
273 2.072921e-02 -5.560915e-02 -3.487993e-02
274 2.076437e-02 -5.573216e-02 -3.496779e-02
275 2.071150e-02 -5.568800e-02 -3.497650e-02
276 2.087451e-02 -5.586091e-02 -3.498639e-02
277 2.132627e-02 -5.632094e-02 -3.499468e-02
278 2.151855e-02 -5.649436e-02 -3.497581e-02
279 2.105703e-02 -5.604774e-02 -3.499071e-02
280 2.048396e-02 -5.538255e-02 -3.489859e-02
281 2.106752e-02 -5.606226e-02 -3.499474e-02
282 2.102458e-02 -5.589601e-02 -3.487143e-02
283 2.090457e-02 -5.572322e-02 -3.481865e-02
284 2.112518e-02 -5.593894e-02 -3.481376e-02
285 2.136314e-02 -5.625939e-02 -3.489625e-02
286 2.110849e-02 -5.596460e-02 -3.485612e-02
287 2.078388e-02 -5.556991e-02 -3.478603e-02
288 2.100841e-02 -5.584030e-02 -3.483189e-02
289 2.125643e-02 -5.613475e-02 -3.487832e-02
290 2.108725e-02 -5.593212e-02 -3.484487e-02
291 2.068366e-02 -5.549724e-02 -3.481358e-02
292 2.053981e-02 -5.527635e-02 -3.473654e-02
293 2.089183e-02 -5.575649e-02 -3.486466e-02
294 2.095655e-02 -5.568630e-02 -3.472975e-02
295 2.141190e-02 -5.617450e-02 -3.476260e-02
296 2.128772e-02 -5.596862e-02 -3.468090e-02
297 2.097605e-02 -5.569715e-02 -3.472110e-02
298 2.090431e-02 -5.555459e-02 -3.465028e-02
299 2.136781e-02 -5.610528e-02 -3.473747e-02
300 2.147662e-02 -5.620395e-02 -3.472733e-02
301 2.131438e-02 -5.602599e-02 -3.471161e-02
302 2.112768e-02 -5.586214e-02 -3.473446e-02
303 2.110632e-02 -5.579736e-02 -3.469104e-02
304 2.122296e-02 -5.584802e-02 -3.462505e-02
305 2.083434e-02 -5.542582e-02 -3.459148e-02
306 2.111934e-02 -5.562600e-02 -3.450667e-02
307 2.206764e-02 -5.676773e-02 -3.470009e-02
308 2.170351e-02 -5.635347e-02 -3.464996e-02
309 2.090558e-02 -5.543499e-02 -3.452941e-02
310 2.071933e-02 -5.535371e-02 -3.463437e-02
311 2.020973e-02 -5.480026e-02 -3.459054e-02
312 1.965875e-02 -5.418967e-02 -3.453092e-02
313 2.002111e-02 -5.466706e-02 -3.464595e-02
314 2.031994e-02 -5.488260e-02 -3.456266e-02
315 2.024985e-02 -5.481116e-02 -3.456131e-02
316 2.062471e-02 -5.510280e-02 -3.447809e-02
317 2.118867e-02 -5.573177e-02 -3.454310e-02
318 2.070583e-02 -5.502457e-02 -3.431874e-02
319 2.083155e-02 -5.522775e-02 -3.439620e-02
320 2.128896e-02 -5.582396e-02 -3.453500e-02
321 2.113903e-02 -5.555406e-02 -3.441503e-02
322 2.104040e-02 -5.540851e-02 -3.436811e-02
323 2.105244e-02 -5.542930e-02 -3.437687e-02
324 2.107518e-02 -5.539094e-02 -3.431576e-02
325 2.130871e-02 -5.570801e-02 -3.439930e-02
326 2.111510e-02 -5.545060e-02 -3.433550e-02
327 2.102708e-02 -5.540379e-02 -3.437671e-02
328 2.120064e-02 -5.558884e-02 -3.438819e-02
329 2.082253e-02 -5.528089e-02 -3.445836e-02
330 2.066146e-02 -5.500477e-02 -3.434331e-02
331 2.185846e-02 -5.634782e-02 -3.448936e-02
332 2.206679e-02 -5.653665e-02 -3.446986e-02
333 2.148275e-02 -5.592578e-02 -3.444303e-02
334 2.083753e-02 -5.516842e-02 -3.433089e-02
335 2.068439e-02 -5.506234e-02 -3.437794e-02
336 2.078760e-02 -5.522613e-02 -3.443853e-02
337 2.069418e-02 -5.510195e-02 -3.440777e-02
338 2.061967e-02 -5.494430e-02 -3.432463e-02
339 2.087033e-02 -5.518414e-02 -3.431382e-02
340 2.088164e-02 -5.524306e-02 -3.436141e-02
341 2.061261e-02 -5.485451e-02 -3.424190e-02
342 2.076100e-02 -5.510710e-02 -3.434610e-02
343 2.080008e-02 -5.503247e-02 -3.423239e-02
344 2.122720e-02 -5.554230e-02 -3.431510e-02
345 2.132095e-02 -5.569646e-02 -3.437551e-02
346 2.085173e-02 -5.514126e-02 -3.428953e-02
347 2.075532e-02 -5.503544e-02 -3.428012e-02
348 2.083723e-02 -5.523487e-02 -3.439764e-02
349 2.085921e-02 -5.505127e-02 -3.419205e-02
350 2.176888e-02 -5.609163e-02 -3.432275e-02
351 2.233207e-02 -5.664324e-02 -3.431117e-02
352 2.220026e-02 -5.652522e-02 -3.432496e-02
353 2.152290e-02 -5.580713e-02 -3.428423e-02
354 2.112588e-02 -5.534421e-02 -3.421833e-02
355 2.122734e-02 -5.549016e-02 -3.426281e-02
356 2.139416e-02 -5.573387e-02 -3.433971e-02
357 2.135768e-02 -5.562953e-02 -3.427185e-02
358 2.155399e-02 -5.587011e-02 -3.431611e-02
359 2.137733e-02 -5.566658e-02 -3.428925e-02
360 2.121486e-02 -5.545924e-02 -3.424438e-02
361 2.145293e-02 -5.575030e-02 -3.429737e-02
362 2.127784e-02 -5.561831e-02 -3.434047e-02
363 2.060405e-02 -5.483931e-02 -3.423526e-02
364 2.056065e-02 -5.485553e-02 -3.429488e-02
365 2.077060e-02 -5.516193e-02 -3.439133e-02
366 2.033737e-02 -5.457852e-02 -3.424115e-02
367 2.044804e-02 -5.465546e-02 -3.420742e-02
368 2.119546e-02 -5.555053e-02 -3.435507e-02
369 2.117021e-02 -5.544288e-02 -3.427267e-02
370 2.100169e-02 -5.518110e-02 -3.417941e-02
371 2.142926e-02 -5.573945e-02 -3.431019e-02
372 2.152629e-02 -5.581197e-02 -3.428568e-02
373 2.125978e-02 -5.555597e-02 -3.429619e-02
374 2.072272e-02 -5.493361e-02 -3.421089e-02
375 2.069907e-02 -5.496806e-02 -3.426899e-02
376 2.123990e-02 -5.548756e-02 -3.424766e-02
377 2.204862e-02 -5.630498e-02 -3.425636e-02
378 2.228560e-02 -5.655544e-02 -3.426984e-02
379 2.175546e-02 -5.596102e-02 -3.420556e-02
380 2.145873e-02 -5.565889e-02 -3.420017e-02
381 2.157050e-02 -5.583460e-02 -3.426410e-02
382 2.122008e-02 -5.541111e-02 -3.419103e-02
383 2.128717e-02 -5.552368e-02 -3.423651e-02
384 2.160632e-02 -5.586487e-02 -3.425856e-02
385 2.183663e-02 -5.610867e-02 -3.427204e-02
386 2.169321e-02 -5.592085e-02 -3.422764e-02
387 2.171854e-02 -5.599540e-02 -3.427686e-02
388 2.183264e-02 -5.606491e-02 -3.423227e-02
389 2.153756e-02 -5.583073e-02 -3.429317e-02
390 2.091829e-02 -5.502981e-02 -3.411152e-02
391 2.102376e-02 -5.532751e-02 -3.430375e-02
392 2.102571e-02 -5.502835e-02 -3.400264e-02
393 2.133996e-02 -5.534437e-02 -3.400441e-02
394 2.088331e-02 -5.476387e-02 -3.388056e-02
395 2.129188e-02 -5.525001e-02 -3.395813e-02
396 2.194791e-02 -5.590727e-02 -3.395936e-02
397 2.226124e-02 -5.631896e-02 -3.405773e-02
398 2.162891e-02 -5.557348e-02 -3.394457e-02
399 2.085106e-02 -5.476854e-02 -3.391748e-02
400 2.081569e-02 -5.480546e-02 -3.398977e-02
401 2.097148e-02 -5.490545e-02 -3.393397e-02
402 2.124865e-02 -5.527893e-02 -3.403027e-02
403 2.134758e-02 -5.530650e-02 -3.395892e-02
404 2.148302e-02 -5.546244e-02 -3.397942e-02
405 2.173240e-02 -5.571130e-02 -3.397889e-02
406 2.229600e-02 -5.633916e-02 -3.404317e-02
407 2.246989e-02 -5.645813e-02 -3.398824e-02
408 2.247463e-02 -5.644076e-02 -3.396613e-02
409 2.268717e-02 -5.673112e-02 -3.404395e-02
410 2.251578e-02 -5.652212e-02 -3.400634e-02
411 2.192338e-02 -5.591360e-02 -3.399022e-02
412 2.181304e-02 -5.581060e-02 -3.399756e-02
413 2.211308e-02 -5.612026e-02 -3.400717e-02
414 2.201378e-02 -5.602818e-02 -3.401440e-02
415 2.168578e-02 -5.563820e-02 -3.395242e-02
416 2.181903e-02 -5.581915e-02 -3.400012e-02
417 2.198850e-02 -5.603016e-02 -3.404166e-02
418 2.196024e-02 -5.592040e-02 -3.396016e-02
419 2.200374e-02 -5.599793e-02 -3.399420e-02
420 2.199484e-02 -5.593826e-02 -3.394343e-02
421 2.218149e-02 -5.609496e-02 -3.391347e-02
422 2.222822e-02 -5.616898e-02 -3.394076e-02
423 2.180080e-02 -5.575691e-02 -3.395611e-02
424 2.114108e-02 -5.506225e-02 -3.392117e-02
425 2.134753e-02 -5.526485e-02 -3.391732e-02
426 2.213007e-02 -5.613226e-02 -3.400219e-02
427 2.192156e-02 -5.593474e-02 -3.401317e-02
428 2.124600e-02 -5.509978e-02 -3.385378e-02
429 2.122848e-02 -5.513336e-02 -3.390488e-02
430 2.118978e-02 -5.511409e-02 -3.392431e-02
431 2.104444e-02 -5.497259e-02 -3.392815e-02
432 2.100317e-02 -5.486728e-02 -3.386410e-02
433 2.110085e-02 -5.499427e-02 -3.389342e-02
434 2.123528e-02 -5.498855e-02 -3.375328e-02
435 2.181872e-02 -5.572594e-02 -3.390722e-02
436 2.153290e-02 -5.533944e-02 -3.380654e-02
437 2.116160e-02 -5.493286e-02 -3.377126e-02
438 2.139468e-02 -5.520706e-02 -3.381237e-02
439 2.176035e-02 -5.560163e-02 -3.384128e-02
440 2.161763e-02 -5.544691e-02 -3.382928e-02
441 2.137019e-02 -5.519503e-02 -3.382484e-02
442 2.132685e-02 -5.502642e-02 -3.369958e-02
443 2.166403e-02 -5.542039e-02 -3.375636e-02
444 2.149919e-02 -5.516195e-02 -3.366276e-02
445 2.203198e-02 -5.569761e-02 -3.366563e-02
446 2.259513e-02 -5.646661e-02 -3.387148e-02
447 2.155274e-02 -5.516104e-02 -3.360829e-02
448 2.110161e-02 -5.473550e-02 -3.363389e-02
449 2.152324e-02 -5.521264e-02 -3.368939e-02
450 2.172063e-02 -5.541046e-02 -3.368983e-02
451 2.182199e-02 -5.542162e-02 -3.359963e-02
452 2.232523e-02 -5.592951e-02 -3.360428e-02
453 2.261225e-02 -5.627913e-02 -3.366688e-02
454 2.244678e-02 -5.605579e-02 -3.360901e-02
455 2.189654e-02 -5.559060e-02 -3.369406e-02
456 2.124227e-02 -5.484703e-02 -3.360476e-02
457 2.149838e-02 -5.516567e-02 -3.366729e-02
458 2.190065e-02 -5.558671e-02 -3.368605e-02
459 2.199858e-02 -5.559138e-02 -3.359280e-02
460 2.219914e-02 -5.585589e-02 -3.365675e-02
461 2.192222e-02 -5.557954e-02 -3.365732e-02
462 2.155250e-02 -5.512270e-02 -3.357020e-02
463 2.156925e-02 -5.521765e-02 -3.364841e-02
464 2.118539e-02 -5.480850e-02 -3.362311e-02
465 2.087592e-02 -5.456170e-02 -3.368578e-02
466 2.076263e-02 -5.428753e-02 -3.352490e-02
467 2.141636e-02 -5.497910e-02 -3.356274e-02
468 2.179892e-02 -5.540192e-02 -3.360300e-02
469 2.160019e-02 -5.521141e-02 -3.361122e-02
470 2.124262e-02 -5.475180e-02 -3.350918e-02
471 2.121705e-02 -5.475312e-02 -3.353607e-02
472 2.086175e-02 -5.451457e-02 -3.365283e-02
473 2.030302e-02 -5.370328e-02 -3.340026e-02
474 2.113659e-02 -5.466816e-02 -3.353157e-02
475 2.185261e-02 -5.538460e-02 -3.353199e-02
476 2.208302e-02 -5.558405e-02 -3.350104e-02
477 2.215264e-02 -5.563805e-02 -3.348540e-02
478 2.229978e-02 -5.571100e-02 -3.341122e-02
479 2.255766e-02 -5.606943e-02 -3.351177e-02
480 2.246229e-02 -5.590267e-02 -3.344038e-02
481 2.227541e-02 -5.576460e-02 -3.348919e-02
482 2.174106e-02 -5.517503e-02 -3.343397e-02
483 2.146665e-02 -5.491319e-02 -3.344653e-02
484 2.190858e-02 -5.530735e-02 -3.339877e-02
485 2.254898e-02 -5.602186e-02 -3.347288e-02
486 2.274573e-02 -5.613530e-02 -3.338957e-02
487 2.293206e-02 -5.635960e-02 -3.342754e-02
488 2.308623e-02 -5.654658e-02 -3.346035e-02
489 2.271701e-02 -5.610536e-02 -3.338836e-02
490 2.226015e-02 -5.568515e-02 -3.342500e-02
491 2.198209e-02 -5.533683e-02 -3.335474e-02
492 2.196635e-02 -5.536616e-02 -3.339981e-02
493 2.154645e-02 -5.484715e-02 -3.330069e-02
494 2.169949e-02 -5.498630e-02 -3.328680e-02
495 2.214688e-02 -5.535826e-02 -3.321138e-02
496 2.287259e-02 -5.627588e-02 -3.340329e-02
497 2.301325e-02 -5.607087e-02 -3.305762e-02
498 2.365531e-02 -5.670494e-02 -3.304963e-02
499 2.333157e-02 -5.625893e-02 -3.292736e-02
500 2.309687e-02 -5.605700e-02 -3.296012e-02
501 2.288559e-02 -5.585152e-02 -3.296593e-02
502 2.276948e-02 -5.564785e-02 -3.287836e-02
503 2.283477e-02 -5.581151e-02 -3.297673e-02
504 2.234553e-02 -5.530881e-02 -3.296328e-02
505 2.142551e-02 -5.430635e-02 -3.288084e-02
506 2.136339e-02 -5.428617e-02 -3.292278e-02
507 2.188236e-02 -5.491285e-02 -3.303049e-02
508 2.147349e-02 -5.440319e-02 -3.292971e-02
509 2.178928e-02 -5.467509e-02 -3.288581e-02
510 2.300654e-02 -5.611276e-02 -3.310622e-02
511 2.250414e-02 -5.542275e-02 -3.291861e-02
512 2.208139e-02 -5.495741e-02 -3.287602e-02
