0 0.000000e+00
1 0.000000e+00
2 0.000000e+00
3 0.000000e+00
4 0.000000e+00
5 0.000000e+00
6 0.000000e+00
7 0.000000e+00
8 4.924511e+01
9 5.026597e+03
10 9.121237e+03
11 6.202324e+03
12 4.913176e+03
13 4.084051e+03
14 3.157992e+03
15 2.787973e+03
16 2.792879e+03
17 3.369690e+03
18 3.976447e+03
19 4.497969e+03
20 4.794713e+03
21 4.621098e+03
22 4.266552e+03
23 3.952630e+03
24 3.787743e+03
25 3.623658e+03
26 3.611890e+03
27 3.690132e+03
28 3.880474e+03
29 4.114513e+03
30 4.349923e+03
31 4.350952e+03
32 4.277244e+03
33 4.088691e+03
34 3.875749e+03
35 3.788711e+03
36 3.756622e+03
37 3.745452e+03
38 3.814969e+03
39 3.946989e+03
40 4.190402e+03
41 4.356527e+03
42 4.447865e+03
43 4.197377e+03
44 3.891859e+03
45 3.690619e+03
46 3.589865e+03
47 3.637148e+03
48 3.889277e+03
49 4.169610e+03
50 4.359189e+03
51 4.410457e+03
52 4.271183e+03
53 4.035067e+03
54 3.794626e+03
55 3.631182e+03
56 3.591524e+03
57 3.773203e+03
58 4.029212e+03
59 4.329516e+03
60 4.391274e+03
61 4.365469e+03
62 4.113631e+03
63 3.808323e+03
64 3.636402e+03
65 3.656697e+03
66 3.781476e+03
67 4.006924e+03
68 4.204628e+03
69 4.315942e+03
70 4.267022e+03
71 4.168267e+03
72 3.949250e+03
73 3.799385e+03
74 3.670815e+03
75 3.759384e+03
76 3.926798e+03
77 4.137999e+03
78 4.237657e+03
79 4.234294e+03
80 4.128939e+03
81 3.984744e+03
82 3.870662e+03
83 3.158239e+03
